0	0	0	0	0	0	0	0	0	0	0	0	0	0	0	0	0	0	0	0	0	0	0	0	0	0	0	0	0	0	0	0	0	0	0	0	0	0	0	0	0	0	0	0	0	0	0	0	0	0	0	107	98	102	101	100	112	102	122	113	112	112	110	91	108	132	142	136	135	138	125	134	129	124	117	117	115	113	113	122	155	115	110	112	112	113	113	112	115	116	117	117	117	114	112	121	125	127	127	127	128	128	130	144	161	148	141	141	143	141	140	131	115	83	121	130	129	129	132	132	130	129	127	127	128	132	135	124	124	121	121	121	134	159	160	159	159	159	143	121	120	118	117	115	113	109	107	106	106	105
0	0	0	0	0	0	0	0	0	0	0	0	0	0	0	0	0	0	0	0	0	0	0	0	0	0	0	0	0	0	0	0	0	0	0	0	0	0	0	0	0	0	0	0	0	0	0	0	0	0	0	98	101	104	101	100	109	110	109	112	112	111	107	92	109	125	141	136	139	145	129	131	128	122	116	116	114	113	112	110	145	131	111	110	111	112	112	112	115	116	117	117	117	113	111	122	124	126	127	128	130	130	131	135	161	154	143	143	143	140	139	127	121	85	121	130	129	129	132	132	130	128	127	126	129	134	134	124	122	120	120	121	135	159	160	160	159	161	141	122	120	119	118	115	114	109	107	107	107	105
0	0	0	0	0	0	0	0	0	0	0	0	0	0	0	0	0	0	0	0	0	0	0	0	0	0	0	0	0	0	0	0	0	0	0	0	0	0	0	0	0	0	0	0	0	0	0	0	0	0	0	92	103	105	101	101	104	122	98	112	113	111	105	93	109	119	139	136	142	149	137	128	127	121	115	115	114	112	112	107	130	146	110	109	111	112	112	112	115	117	117	117	117	112	112	123	123	126	127	128	131	132	132	132	154	156	148	145	141	139	138	122	122	89	121	129	129	129	131	131	129	128	127	126	128	138	133	124	121	120	120	122	137	159	160	160	160	163	139	123	120	120	119	116	114	109	108	107	107	105
0	0	0	0	0	0	0	0	0	0	0	0	0	0	0	0	0	0	0	0	0	0	0	0	0	0	0	0	0	0	0	0	0	0	0	0	0	0	0	0	0	0	0	0	0	0	0	0	0	0	0	90	104	105	103	102	102	129	95	112	114	111	103	94	109	115	138	135	144	152	144	130	126	119	114	114	113	111	110	110	114	154	109	107	111	112	112	112	115	117	117	117	116	111	115	123	123	126	128	129	131	133	133	134	142	154	155	148	141	138	138	115	117	94	122	128	129	129	130	130	128	128	127	126	128	146	132	124	121	120	120	122	140	159	160	160	160	164	135	124	122	121	120	117	114	110	108	107	107	105
0	0	0	0	0	0	0	0	0	0	0	0	0	0	0	0	0	0	0	0	0	0	0	0	0	0	0	0	0	0	0	0	0	0	0	0	0	0	0	0	0	0	0	0	0	0	0	0	0	0	0	94	104	104	105	104	107	125	109	112	115	112	99	94	110	114	135	137	144	163	141	134	124	118	114	113	112	111	108	110	103	145	120	104	111	112	112	112	115	117	117	117	116	109	119	123	123	127	129	130	132	133	133	134	136	147	157	154	140	137	139	109	108	100	126	128	129	129	129	128	128	128	128	125	127	154	132	124	120	120	120	124	143	159	160	160	160	165	134	126	124	122	121	118	115	111	108	108	107	105
0	0	0	0	0	0	0	0	0	0	0	0	0	0	0	0	0	0	0	0	0	0	0	0	0	0	0	0	0	0	0	0	0	0	0	0	0	0	0	0	0	0	0	0	0	0	0	0	0	0	0	100	104	104	105	106	110	123	115	112	114	108	93	93	110	114	131	141	146	168	146	132	123	117	114	113	111	109	107	105	102	132	136	104	113	112	111	112	115	117	117	117	114	110	121	123	123	127	130	130	131	133	133	134	135	141	156	156	144	138	136	119	89	101	127	128	129	129	129	128	128	128	128	125	125	159	132	124	121	120	120	127	145	158	160	160	161	165	132	127	125	123	123	119	115	112	109	108	108	106
0	0	0	0	0	0	0	0	0	0	0	0	0	0	0	0	0	0	0	0	0	0	0	0	0	0	0	0	0	0	0	0	0	0	0	0	0	0	0	0	0	0	0	0	0	0	0	0	0	0	0	106	104	105	106	106	111	122	116	113	113	103	88	95	110	114	127	144	148	171	154	131	121	116	113	113	111	107	106	102	103	121	145	112	114	112	111	112	115	117	117	117	113	111	120	122	123	128	130	130	132	133	133	134	135	137	150	156	150	142	133	128	74	100	125	129	129	129	128	128	128	128	128	125	125	160	131	125	121	120	120	128	147	159	160	160	161	166	131	128	125	124	124	120	116	112	110	109	108	106
0	0	0	0	0	0	0	0	0	0	0	0	0	0	0	0	0	0	0	0	0	0	0	0	0	0	0	0	0	0	0	0	0	0	0	0	0	0	0	0	0	0	0	0	0	0	0	0	0	0	0	111	104	105	107	107	116	118	115	114	113	99	86	98	110	115	122	146	151	170	160	134	120	115	113	113	111	107	106	103	104	114	144	127	112	112	112	112	115	117	117	117	112	113	118	122	124	128	131	131	132	133	133	133	135	137	142	154	156	148	135	132	68	103	121	129	129	129	128	128	128	128	128	125	128	157	130	124	121	121	121	129	148	159	160	161	162	167	131	128	126	125	125	121	117	112	110	109	108	107
0	0	0	0	0	0	0	0	0	0	0	0	0	0	0	0	0	0	0	0	0	0	0	0	0	0	0	0	0	0	0	0	0	0	0	0	0	0	0	0	0	0	0	0	0	0	0	0	0	0	0	113	105	106	107	107	127	103	121	114	113	97	85	104	112	115	120	148	153	170	158	144	119	115	113	112	109	106	105	109	105	112	135	145	108	111	112	112	115	117	117	117	112	115	115	122	125	128	133	131	133	132	133	133	135	136	136	149	160	153	149	121	76	109	120	128	128	128	128	128	128	128	128	125	131	149	129	124	122	121	121	130	149	159	160	161	163	167	129	129	127	126	125	121	118	113	111	111	109	107
0	0	0	0	0	0	0	0	0	0	0	0	0	0	0	0	0	0	0	0	0	0	0	0	0	0	0	0	0	0	0	0	0	0	0	0	0	0	0	0	0	0	0	0	0	0	0	0	0	0	0	108	106	106	107	108	128	100	117	114	112	90	90	107	112	116	116	145	155	163	160	146	119	115	113	112	105	103	103	105	107	111	114	143	124	111	112	112	115	117	117	115	112	117	118	122	126	131	133	132	134	133	134	134	134	135	135	139	150	154	147	104	104	112	122	128	128	128	128	128	128	128	128	126	136	137	129	125	122	121	121	132	151	159	160	160	163	167	127	129	128	126	125	122	119	112	112	111	109	107
0	0	0	0	0	0	0	0	0	0	0	0	0	0	0	0	0	0	0	0	0	0	0	0	0	0	0	0	0	0	0	0	0	0	0	0	0	0	0	0	0	0	0	0	0	0	0	0	0	0	0	106	106	106	108	106	126	103	114	115	110	89	93	108	112	116	118	141	156	161	158	147	122	115	114	112	104	100	101	103	109	109	107	132	139	112	113	111	115	117	117	112	112	117	120	123	127	133	133	133	134	134	134	134	134	135	135	135	143	153	143	96	116	112	123	128	128	128	128	128	128	128	128	127	140	131	128	126	122	122	122	133	152	159	160	160	162	166	127	129	128	127	126	122	121	109	113	112	109	107
0	0	0	0	0	0	0	0	0	0	0	0	0	0	0	0	0	0	0	0	0	0	0	0	0	0	0	0	0	0	0	0	0	0	0	0	0	0	0	0	0	0	0	0	0	0	0	0	0	0	0	106	106	106	109	103	121	107	113	115	107	92	94	109	113	117	125	135	156	161	154	145	127	115	114	112	104	99	100	103	110	108	111	117	150	117	113	110	116	117	117	109	112	118	121	123	127	133	134	134	134	134	134	134	134	135	135	135	140	150	137	94	118	111	124	127	128	128	129	129	128	128	128	128	144	128	128	125	123	122	122	134	153	160	161	160	162	164	127	129	129	128	126	123	122	108	114	113	110	108
0	0	0	0	0	0	0	0	0	0	0	0	0	0	0	0	0	0	0	0	0	0	0	0	0	0	0	0	0	0	0	0	0	0	0	0	0	0	0	0	0	0	0	0	0	0	0	0	0	0	0	106	106	105	111	103	115	111	114	115	104	94	93	110	113	117	131	130	155	161	148	142	132	115	114	112	104	99	100	104	111	110	113	107	149	128	112	110	116	117	116	107	113	119	123	124	128	133	134	134	134	134	134	134	134	135	135	135	137	144	130	90	123	113	124	126	127	127	128	129	128	128	128	129	144	127	128	125	124	124	123	135	153	160	160	160	162	164	129	130	129	128	127	123	121	109	114	113	111	108
0	0	0	0	0	0	0	0	0	0	0	0	0	0	0	0	0	0	0	0	0	0	0	0	0	0	0	0	0	0	0	0	0	0	0	0	0	0	0	0	0	0	0	0	0	0	0	0	0	0	0	106	106	105	108	110	111	112	115	114	100	94	98	111	113	118	130	135	154	161	145	142	136	116	114	112	103	99	99	104	111	111	113	110	127	140	112	109	116	116	116	104	114	120	122	124	128	133	134	134	134	134	134	134	134	135	135	135	137	139	119	90	135	120	123	128	127	127	128	129	128	128	128	130	145	127	127	126	125	124	124	137	154	158	159	160	162	160	129	130	129	128	127	123	122	108	115	113	111	108
0	0	0	0	0	0	0	0	0	0	0	0	0	0	0	0	0	0	0	0	0	0	0	0	0	0	0	0	0	0	0	0	0	0	0	0	0	0	0	0	0	0	0	0	0	0	0	0	0	0	0	106	106	105	104	117	109	112	117	112	97	95	103	112	114	118	127	142	153	157	144	142	138	117	113	111	102	99	98	105	111	111	112	111	112	144	119	105	116	115	118	103	115	121	122	126	129	133	134	134	134	134	134	134	134	135	135	135	137	133	112	92	144	127	123	128	127	127	128	130	128	128	128	132	145	126	126	126	125	123	125	138	155	157	160	159	162	157	130	130	129	128	127	123	122	108	115	114	112	109
0	0	0	0	0	0	0	0	0	0	0	0	0	0	0	0	0	0	0	0	0	0	0	0	0	0	0	0	0	0	0	0	0	0	0	0	0	0	0	0	0	0	0	0	0	0	0	0	0	0	0	106	106	106	101	123	109	112	118	110	95	96	107	113	114	119	123	150	150	152	144	142	140	119	113	110	101	99	98	105	111	111	113	109	106	139	130	102	116	114	118	103	115	122	123	127	130	133	134	134	134	134	134	134	134	135	135	135	136	127	112	95	145	134	125	128	127	127	129	130	129	129	128	134	144	127	126	126	125	123	125	140	155	157	160	158	162	154	131	130	129	128	127	123	122	108	115	115	112	110
0	0	0	0	0	0	0	0	0	0	0	0	0	0	0	0	0	0	0	0	0	0	0	0	0	0	0	0	0	0	0	0	0	0	0	0	0	0	0	0	0	0	0	0	0	0	0	0	0	0	0	106	106	106	102	125	108	112	120	106	94	97	111	113	114	119	122	155	147	148	145	143	142	122	112	110	101	98	97	106	112	112	113	104	111	126	143	104	117	112	116	105	116	123	123	128	130	134	134	134	134	134	134	134	134	135	135	135	135	122	119	100	134	141	131	127	127	127	129	130	130	129	128	137	143	128	127	126	125	124	125	141	156	157	158	158	163	151	133	130	129	128	127	123	122	108	116	115	113	110
0	0	0	0	0	0	0	0	0	0	0	0	0	0	0	0	0	0	0	0	0	0	0	0	0	0	0	0	0	0	0	0	0	0	0	0	0	0	0	0	0	0	0	0	0	0	0	0	0	0	0	106	106	106	107	117	108	112	120	101	94	99	112	113	115	120	126	151	141	147	146	144	142	129	112	109	101	98	96	107	112	111	113	103	112	118	145	122	118	111	114	107	117	124	124	129	131	134	134	134	134	134	134	134	134	135	135	135	135	118	122	104	122	143	137	127	127	127	129	131	131	130	129	139	142	129	127	126	125	124	124	143	156	157	157	157	162	149	133	130	129	128	127	123	122	108	117	115	112	111
0	0	0	0	0	0	0	0	0	0	0	0	0	0	0	0	0	0	0	0	0	0	0	0	0	0	0	0	0	0	0	0	0	0	0	0	0	0	0	0	0	0	0	0	0	0	0	0	0	0	0	105	105	105	113	109	108	112	118	100	94	102	112	114	117	120	131	144	137	146	147	144	141	136	112	109	100	98	96	108	112	112	113	108	108	114	141	144	119	108	111	108	118	124	125	129	132	134	134	133	134	134	134	134	134	135	135	135	135	115	115	106	119	142	137	127	127	128	129	132	133	130	129	142	141	129	127	126	125	124	125	144	156	157	157	157	162	147	134	130	129	128	127	124	122	108	117	114	113	112
0	0	0	0	0	0	0	0	0	0	0	0	0	0	0	0	0	0	0	0	0	0	0	0	0	0	0	0	0	0	0	0	0	0	0	0	0	0	0	0	0	0	0	0	0	0	0	0	0	0	0	105	105	105	117	103	109	112	115	99	96	105	112	114	118	121	139	134	133	142	148	145	141	143	116	106	99	98	96	109	112	112	113	112	107	113	130	155	127	109	105	111	120	125	126	131	133	134	134	134	134	134	134	134	134	135	135	135	135	116	102	107	124	139	138	134	128	131	129	132	134	130	129	143	137	129	127	127	125	125	127	145	154	157	157	158	161	143	134	129	129	127	127	125	123	108	117	115	113	112
0	0	0	0	0	0	0	0	0	0	0	0	0	0	0	0	0	0	0	0	0	0	0	0	0	0	0	0	0	0	0	0	0	0	0	0	0	0	0	0	0	0	0	0	0	0	0	0	0	0	0	106	105	104	118	101	110	111	114	100	100	107	111	115	120	121	147	125	128	133	148	146	143	147	124	101	98	98	98	111	112	112	113	113	110	112	118	149	141	112	99	114	122	126	127	134	134	135	135	135	135	135	135	135	135	135	135	135	134	121	87	108	131	135	140	146	132	137	129	133	133	131	129	143	132	129	128	127	126	127	131	146	150	156	157	159	161	139	132	128	129	128	127	126	123	107	117	114	113	112
0	0	0	0	0	0	0	0	0	0	0	0	0	0	0	0	0	0	0	0	0	0	0	0	0	0	0	0	0	0	0	0	0	0	0	0	0	0	0	0	0	0	0	0	0	0	0	0	0	0	0	105	104	104	114	101	110	112	114	100	103	108	112	117	121	123	149	129	126	119	149	146	144	145	131	100	95	99	100	111	112	112	112	112	111	113	117	139	151	113	99	113	123	126	126	134	134	135	135	135	135	135	135	135	135	135	135	135	135	121	83	115	131	133	138	143	138	134	129	133	133	130	130	144	132	129	128	126	127	127	136	145	152	156	157	158	162	138	131	128	129	128	126	125	121	110	115	114	113	112
0	0	0	0	0	0	0	0	0	0	0	0	0	0	0	0	0	0	0	0	0	0	0	0	0	0	0	0	0	0	0	0	0	0	0	0	0	0	0	0	0	0	0	0	0	0	0	0	0	0	0	103	104	103	111	103	110	112	113	100	105	109	112	117	121	124	151	131	121	102	148	145	144	144	137	102	94	100	103	112	112	112	112	112	112	113	117	128	151	121	100	115	124	126	129	134	134	135	135	135	135	135	135	135	135	135	135	135	134	121	84	122	131	132	135	141	142	135	132	133	133	131	133	145	132	128	128	127	126	127	137	147	153	156	157	158	162	137	131	129	129	127	126	124	117	108	111	113	113	112
0	0	0	0	0	0	0	0	0	0	0	0	0	0	0	0	0	0	0	0	0	0	0	0	0	0	0	0	0	0	0	0	0	0	0	0	0	0	0	0	0	0	0	0	0	0	0	0	0	0	0	102	103	102	108	104	111	112	113	100	107	110	113	118	121	128	150	133	117	92	144	145	145	144	142	107	94	101	107	112	112	112	112	112	112	114	118	120	141	128	104	117	124	126	130	134	134	135	135	135	135	135	135	135	135	135	135	135	135	119	89	126	130	132	131	137	143	139	134	133	133	132	135	146	132	128	128	128	127	128	137	148	154	156	157	158	162	136	131	129	128	127	125	124	115	105	109	114	113	112
0	0	0	0	0	0	0	0	0	0	0	0	0	0	0	0	0	0	0	0	0	0	0	0	0	0	0	0	0	0	0	0	0	0	0	0	0	0	0	0	0	0	0	0	0	0	0	0	0	0	0	101	103	103	106	105	111	112	112	100	108	111	114	118	121	134	144	132	114	90	137	145	146	144	145	117	97	101	110	112	112	112	112	112	112	115	118	115	124	130	114	121	125	127	129	134	134	135	135	135	135	135	135	135	135	135	135	135	134	114	97	127	130	133	128	132	142	145	136	132	132	132	137	148	131	128	128	128	129	130	136	148	155	156	157	158	162	133	130	129	128	126	124	124	113	103	108	113	113	111
0	0	0	0	0	0	0	0	0	0	0	0	0	0	0	0	0	0	0	0	0	0	0	0	0	0	0	0	0	0	0	0	0	0	0	0	0	0	0	0	0	0	0	0	0	0	0	0	0	0	0	100	102	106	106	105	112	112	112	101	108	111	115	118	121	143	138	128	112	96	128	146	147	144	147	128	101	102	112	112	112	112	112	111	113	117	119	115	110	123	133	125	126	127	131	134	134	135	135	135	135	135	135	135	135	135	135	135	133	107	105	127	131	133	129	132	139	145	140	131	131	131	138	149	130	128	128	129	131	128	136	150	155	157	158	159	162	129	130	129	128	126	124	123	115	106	109	110	113	111
0	0	0	0	0	0	0	0	0	0	0	0	0	0	0	0	0	0	0	0	0	0	0	0	0	0	0	0	0	0	0	0	0	0	0	0	0	0	0	0	0	0	0	0	0	0	0	0	0	0	0	99	104	107	105	106	113	111	111	103	109	112	115	119	127	149	132	123	109	104	121	143	147	145	148	139	108	103	113	113	112	112	112	112	115	119	119	115	108	109	147	127	126	128	131	134	134	135	135	135	135	135	135	135	135	135	135	134	132	98	108	128	132	133	129	132	136	143	148	136	133	130	139	149	129	129	127	128	126	107	130	151	156	158	159	160	161	131	130	129	128	125	124	124	116	116	111	109	111	110
0	0	0	0	0	0	0	0	0	0	0	0	0	0	0	0	0	0	0	0	0	0	0	0	0	0	0	0	0	0	0	0	0	0	0	0	0	0	0	0	0	0	0	0	0	0	0	0	0	0	0	99	104	109	105	107	112	111	110	105	110	112	115	119	133	150	131	121	108	109	117	136	147	146	149	147	117	105	114	113	112	112	112	112	116	119	119	114	104	101	153	137	126	129	132	134	134	135	135	135	135	135	135	135	135	135	135	134	132	89	111	128	132	133	130	132	133	139	152	142	136	130	139	148	130	129	124	123	117	96	128	151	156	159	160	160	162	130	130	129	128	125	124	124	117	121	111	109	110	109
0	0	0	0	0	0	0	0	0	0	0	0	0	0	0	0	0	0	0	0	0	0	0	0	0	0	0	0	0	0	0	0	0	0	0	0	0	0	0	0	0	0	0	0	0	0	0	0	0	0	0	98	103	111	104	108	112	111	109	107	111	112	115	119	137	147	132	121	108	111	115	128	145	148	149	152	127	106	114	114	112	112	113	113	118	119	119	112	101	98	150	151	127	130	132	134	134	135	135	135	135	135	135	135	135	135	135	135	132	81	115	129	130	133	131	130	130	136	149	146	140	130	138	146	131	129	122	116	110	100	131	152	157	160	161	161	164	130	130	129	128	124	123	124	116	121	110	110	108	109
0	0	0	0	0	0	0	0	0	0	0	0	0	0	0	0	0	0	0	0	0	0	0	0	0	0	0	0	0	0	0	0	0	0	0	0	0	0	0	0	0	0	0	0	0	0	0	0	0	0	0	98	103	110	103	108	112	111	110	108	111	113	116	120	139	142	132	121	108	112	116	119	140	149	148	156	141	109	113	113	112	113	113	114	121	120	118	110	98	101	142	165	129	130	131	134	134	135	135	135	135	135	135	135	135	135	135	135	131	77	118	129	127	133	132	127	129	136	141	147	144	131	138	145	131	130	120	111	112	118	140	152	158	161	161	161	164	130	129	129	127	124	122	124	117	116	110	113	106	109
0	0	0	0	0	0	0	0	0	0	0	0	0	0	0	0	0	0	0	0	0	0	0	0	0	0	0	0	0	0	0	0	0	0	0	0	0	0	0	0	0	0	0	0	0	0	0	0	0	0	0	98	108	107	101	109	113	111	108	107	111	113	118	122	141	139	128	118	110	110	109	110	134	150	147	155	147	129	108	113	112	113	113	116	121	120	117	109	103	118	132	160	151	126	131	134	134	135	135	135	135	135	135	135	135	136	135	132	122	87	122	130	131	133	133	131	131	134	135	143	146	131	139	143	134	121	108	104	123	129	145	152	158	161	162	162	158	129	129	128	126	123	121	121	118	117	116	116	115	109
0	0	0	0	0	0	0	0	0	0	0	0	0	0	0	0	0	0	0	0	0	0	0	0	0	0	0	0	0	0	0	0	0	0	0	0	0	0	0	0	0	0	0	0	0	0	0	0	0	0	0	98	112	103	101	108	112	111	106	107	111	113	118	123	141	137	126	116	111	109	107	107	132	148	146	153	148	140	109	111	112	113	113	116	121	120	116	109	107	124	124	148	165	133	132	135	135	135	135	135	135	135	135	135	135	136	135	129	116	91	124	130	132	133	133	132	132	132	132	138	147	140	147	142	121	108	107	114	127	132	146	152	159	161	162	162	154	128	128	126	124	122	120	120	117	117	116	116	116	109
0	0	0	0	0	0	0	0	0	0	0	0	0	0	0	0	0	0	0	0	0	0	0	0	0	0	0	0	0	0	0	0	0	0	0	0	0	0	0	0	0	0	0	0	0	0	0	0	0	0	0	98	113	101	101	107	109	110	107	107	112	113	118	123	141	133	126	115	111	108	107	106	127	145	146	150	145	147	114	109	112	113	114	117	121	120	115	108	110	126	118	136	170	146	133	136	134	135	135	135	135	135	135	135	135	135	135	128	107	96	125	130	132	133	133	132	132	131	131	134	145	150	152	134	104	99	112	125	129	134	146	153	159	161	162	162	151	128	127	124	122	120	120	119	116	116	116	116	115	110
0	0	0	0	0	0	0	0	0	0	0	0	0	0	0	0	0	0	0	0	0	0	0	0	0	0	0	0	0	0	0	0	0	0	0	0	0	0	0	0	0	0	0	0	0	0	0	0	0	0	0	99	112	102	103	107	107	110	111	107	112	114	119	125	140	128	125	115	111	108	107	106	116	139	147	147	143	155	123	108	113	114	114	118	121	120	114	108	112	130	117	125	163	158	133	135	133	135	135	135	135	135	135	135	135	133	135	127	94	105	125	129	132	133	133	132	132	129	131	130	139	157	151	115	93	101	121	129	131	135	145	153	159	162	163	163	147	127	125	121	120	119	119	118	116	115	115	115	113	111
0	0	0	0	0	0	0	0	0	0	0	0	0	0	0	0	0	0	0	0	0	0	0	0	0	0	0	0	0	0	0	0	0	0	0	0	0	0	0	0	0	0	0	0	0	0	0	0	0	0	0	99	109	102	105	107	104	108	110	107	112	115	119	125	139	127	122	113	111	108	107	106	101	131	149	143	142	154	136	105	113	114	115	118	122	120	113	107	114	130	123	124	142	163	136	134	133	135	135	135	135	135	135	135	135	133	134	130	85	117	122	129	133	133	133	132	132	130	131	129	134	155	155	95	98	122	129	128	133	136	145	153	159	162	163	163	141	127	124	121	119	117	117	115	114	113	113	113	113	110
0	0	0	0	0	0	0	0	0	0	0	0	0	0	0	0	0	0	0	0	0	0	0	0	0	0	0	0	0	0	0	0	0	0	0	0	0	0	0	0	0	0	0	0	0	0	0	0	0	0	0	100	107	105	106	106	105	101	106	107	112	116	121	126	136	125	120	112	110	108	107	106	94	118	149	142	142	151	145	110	114	114	115	118	123	120	113	107	114	129	128	127	132	162	149	133	134	135	135	135	135	135	135	135	135	131	133	132	84	123	120	129	135	133	133	132	132	130	132	131	135	137	131	95	114	136	131	129	134	137	146	154	160	162	163	163	137	126	122	120	118	115	114	113	111	111	111	111	110	110
0	0	0	0	0	0	0	0	0	0	0	0	0	0	0	0	0	0	0	0	0	0	0	0	0	0	0	0	0	0	0	0	0	0	0	0	0	0	0	0	0	0	0	0	0	0	0	0	0	0	0	102	106	106	106	107	113	98	102	107	112	117	121	127	134	125	118	112	110	108	107	105	92	103	147	141	142	147	151	119	115	116	116	118	124	120	113	107	115	128	130	129	130	153	161	134	133	135	135	135	135	135	135	135	135	130	132	131	87	123	120	129	135	133	133	131	132	130	133	131	131	121	105	107	127	138	131	131	134	138	148	154	160	163	163	163	133	126	121	120	117	113	112	111	109	109	109	109	109	110
0	0	0	0	0	0	0	0	0	0	0	0	0	0	0	0	0	0	0	0	0	0	0	0	0	0	0	0	0	0	0	0	0	0	0	0	0	0	0	0	0	0	0	0	0	0	0	0	0	0	0	104	104	105	106	110	125	99	102	107	112	118	121	128	132	124	116	111	110	108	107	105	92	91	141	140	142	145	152	130	117	117	117	119	122	118	113	109	116	128	130	129	133	141	165	138	129	136	135	135	135	135	135	135	135	130	131	128	92	118	122	130	133	133	133	131	132	130	133	129	122	112	95	124	132	131	132	132	135	138	149	155	161	163	163	163	128	125	119	118	116	111	110	109	107	107	108	108	108	110
0	0	0	0	0	0	0	0	0	0	0	0	0	0	0	0	0	0	0	0	0	0	0	0	0	0	0	0	0	0	0	0	0	0	0	0	0	0	0	0	0	0	0	0	0	0	0	0	0	0	0	107	103	105	107	117	132	103	105	108	113	118	122	128	127	123	115	110	108	108	108	105	92	88	133	141	143	147	148	141	117	117	118	119	121	115	113	113	118	129	130	130	133	134	160	148	127	136	135	135	135	135	135	135	135	133	133	121	99	116	125	129	130	133	133	132	131	130	133	125	110	120	124	133	132	128	132	133	134	139	151	155	161	163	163	163	124	124	118	116	113	110	109	108	107	106	107	107	107	112
0	0	0	0	0	0	0	0	0	0	0	0	0	0	0	0	0	0	0	0	0	0	0	0	0	0	0	0	0	0	0	0	0	0	0	0	0	0	0	0	0	0	0	0	0	0	0	0	0	0	0	108	102	106	109	123	129	103	108	108	114	119	123	128	126	122	114	109	108	108	107	106	92	91	122	139	146	149	143	149	119	119	119	119	117	113	114	115	120	128	131	130	132	135	149	160	137	135	134	135	135	135	134	134	134	134	134	115	112	121	128	129	129	133	133	132	131	130	132	121	120	129	130	132	132	137	132	132	134	139	153	155	162	163	163	163	122	125	116	113	110	108	107	107	104	105	106	106	107	112
0	0	0	0	0	0	0	0	0	0	0	0	0	0	0	0	0	0	0	0	0	0	0	0	0	0	0	0	0	0	0	0	0	0	0	0	0	0	0	0	0	0	0	0	0	0	0	0	0	0	0	108	101	104	115	132	125	103	107	108	114	121	122	128	124	113	111	108	108	106	104	103	90	95	111	136	148	150	140	146	127	122	119	119	116	111	114	118	123	129	132	131	132	136	141	160	154	136	133	135	135	135	134	134	134	134	137	97	121	127	131	128	128	132	132	136	132	130	125	115	126	133	133	132	130	135	131	132	135	143	153	157	162	162	165	166	123	119	110	108	104	103	105	105	98	104	111	107	106	111
0	0	0	0	0	0	0	0	0	0	0	0	0	0	0	0	0	0	0	0	0	0	0	0	0	0	0	0	0	0	0	0	0	0	0	0	0	0	0	0	0	0	0	0	0	0	0	0	0	0	0	107	100	102	122	143	121	106	106	108	115	122	121	127	122	105	107	108	107	104	100	99	89	98	104	132	149	150	140	139	136	127	120	119	115	109	114	121	126	129	132	132	133	135	136	153	167	140	133	135	135	135	134	134	134	132	136	83	124	132	132	128	129	131	130	137	135	123	116	113	130	133	133	132	129	129	130	133	135	148	153	159	163	162	167	168	123	113	102	98	99	98	102	104	94	101	108	106	104	112
0	0	0	0	0	0	0	0	0	0	0	0	0	0	0	0	0	0	0	0	0	0	0	0	0	0	0	0	0	0	0	0	0	0	0	0	0	0	0	0	0	0	0	0	0	0	0	0	0	0	0	106	99	104	125	155	118	107	106	108	117	122	121	125	121	105	107	107	107	102	97	95	90	98	103	123	146	151	141	137	142	130	121	119	114	109	114	124	128	130	131	132	134	134	135	146	161	145	134	135	135	135	134	134	134	127	124	91	125	133	128	129	133	131	130	125	138	103	113	126	138	133	133	132	129	129	130	133	136	148	153	158	164	163	168	167	115	109	96	85	99	94	100	105	102	99	80	99	100	117
0	0	0	0	0	0	0	0	0	0	0	0	0	0	0	0	0	0	0	0	0	0	0	0	0	0	0	0	0	0	0	0	0	0	0	0	0	0	0	0	0	0	0	0	0	0	0	0	0	0	0	104	98	109	133	162	113	109	107	109	117	122	121	125	120	106	106	107	107	102	94	93	92	99	103	114	145	151	143	139	146	135	123	121	113	110	116	126	130	132	133	134	134	134	135	139	150	156	139	135	135	135	136	132	133	125	110	104	126	133	130	131	135	130	128	124	113	100	122	134	136	133	133	132	129	129	132	131	136	149	153	159	164	163	169	163	105	106	93	84	113	120	127	133	121	113	92	88	98	102
0	0	0	0	0	0	0	0	0	0	0	0	0	0	0	0	0	0	0	0	0	0	0	0	0	0	0	0	0	0	0	0	0	0	0	0	0	0	0	0	0	0	0	0	0	0	0	0	0	0	0	102	99	116	143	161	108	110	107	110	117	123	122	124	117	106	107	107	106	102	92	91	93	100	104	110	143	151	144	141	149	141	127	122	112	111	116	127	131	132	134	134	134	134	134	137	138	159	146	134	135	135	135	132	132	127	94	115	127	133	133	132	131	131	129	119	95	110	130	135	132	133	133	132	129	129	132	130	137	149	154	160	164	163	169	161	95	101	88	77	118	127	135	141	135	128	115	91	97	95
0	0	0	0	0	0	0	0	0	0	0	0	0	0	0	0	0	0	0	0	0	0	0	0	0	0	0	0	0	0	0	0	0	0	0	0	0	0	0	0	0	0	0	0	0	0	0	0	0	0	0	100	99	123	154	157	104	111	108	110	118	123	123	123	114	106	107	107	106	101	89	90	94	100	106	109	140	151	145	144	150	147	132	124	111	112	117	128	132	132	135	134	134	134	134	137	130	158	154	136	136	134	134	131	132	129	80	121	126	132	134	133	126	132	127	106	94	121	134	135	131	133	133	132	129	129	132	131	138	149	154	159	165	164	168	158	86	92	81	68	117	129	135	139	140	137	132	107	102	92
0	0	0	0	0	0	0	0	0	0	0	0	0	0	0	0	0	0	0	0	0	0	0	0	0	0	0	0	0	0	0	0	0	0	0	0	0	0	0	0	0	0	0	0	0	0	0	0	0	0	0	99	99	126	163	153	102	111	110	111	119	123	124	122	112	107	108	107	105	100	85	87	96	101	107	109	133	150	144	147	150	152	140	125	113	112	119	129	133	133	134	133	134	134	135	136	127	152	162	144	137	134	134	132	132	130	69	122	126	132	129	134	121	131	118	84	115	129	132	135	133	133	133	132	129	129	132	132	139	150	153	159	165	166	168	154	78	78	72	62	113	132	136	137	139	137	134	132	114	91
0	0	0	0	0	0	0	0	0	0	0	0	0	0	0	0	0	0	0	0	0	0	0	0	0	0	0	0	0	0	0	0	0	0	0	0	0	0	0	0	0	0	0	0	0	0	0	0	0	0	0	98	99	125	167	156	102	110	111	112	119	123	125	121	110	107	108	107	105	94	81	85	98	102	106	106	121	147	143	148	151	155	146	125	113	113	121	129	133	133	134	134	134	134	135	135	132	144	162	149	137	134	134	132	132	131	75	125	127	133	116	132	121	118	95	80	136	130	134	134	133	133	133	132	129	129	132	132	139	151	154	160	165	166	168	152	73	69	64	62	113	128	131	134	137	135	129	137	131	100
0	0	0	0	0	0	0	0	0	0	0	0	0	0	0	0	0	0	0	0	0	0	0	0	0	0	0	0	0	0	0	0	0	0	0	0	0	0	0	0	0	0	0	0	0	0	0	0	0	0	0	98	100	124	167	156	102	109	111	112	120	123	125	120	108	107	107	107	104	91	78	84	100	102	106	103	109	144	142	148	151	157	149	125	112	114	122	130	133	132	134	134	134	134	134	135	138	138	154	153	140	134	134	133	133	133	88	127	128	133	111	128	115	102	84	100	137	131	135	132	131	133	132	132	129	130	131	132	141	151	154	160	165	166	169	149	68	68	61	59	101	124	128	131	136	134	131	136	138	124
0	0	0	0	0	0	0	0	0	0	0	0	0	0	0	0	0	0	0	0	0	0	0	0	0	0	0	0	0	0	0	0	0	0	0	0	0	0	0	0	0	0	0	0	0	0	0	0	0	0	0	98	102	122	166	153	102	108	112	112	120	123	126	119	106	107	107	107	103	89	78	85	101	103	107	101	100	138	142	149	151	157	151	126	112	114	124	131	133	132	134	134	134	134	134	134	143	135	141	156	146	134	134	134	134	132	102	129	129	134	113	124	106	90	90	123	133	131	134	131	130	133	132	132	130	129	128	127	142	151	155	160	165	165	170	146	64	71	63	58	89	118	123	128	132	134	132	137	136	138
0	0	0	0	0	0	0	0	0	0	0	0	0	0	0	0	0	0	0	0	0	0	0	0	0	0	0	0	0	0	0	0	0	0	0	0	0	0	0	0	0	0	0	0	0	0	0	0	0	0	0	99	102	121	165	148	103	107	113	114	120	123	126	117	106	106	108	107	101	88	79	87	102	105	108	101	96	126	142	150	154	156	151	126	110	115	126	131	133	133	134	134	134	134	134	134	145	134	128	157	154	135	132	134	133	127	113	129	130	134	120	118	96	91	109	136	131	131	131	131	130	132	132	131	132	129	124	116	143	152	155	161	165	164	171	142	62	70	66	55	76	106	114	122	124	133	133	141	131	137
0	0	0	0	0	0	0	0	0	0	0	0	0	0	0	0	0	0	0	0	0	0	0	0	0	0	0	0	0	0	0	0	0	0	0	0	0	0	0	0	0	0	0	0	0	0	0	0	0	0	0	99	98	127	162	148	102	109	113	123	122	124	123	115	107	107	108	105	95	85	79	88	105	106	106	103	98	113	139	153	161	155	148	128	106	121	129	132	133	134	134	134	135	135	135	135	137	134	127	147	165	136	128	135	132	114	123	130	133	134	133	101	92	125	121	127	134	131	132	130	130	131	132	129	133	130	120	107	145	152	156	164	165	164	168	131	60	52	59	40	51	87	96	106	110	131	134	139	140	139
0	0	0	0	0	0	0	0	0	0	0	0	0	0	0	0	0	0	0	0	0	0	0	0	0	0	0	0	0	0	0	0	0	0	0	0	0	0	0	0	0	0	0	0	0	0	0	0	0	0	0	97	106	130	159	148	102	109	114	125	122	124	122	112	107	107	107	104	94	84	79	88	105	106	106	103	98	111	136	151	158	155	143	127	113	124	130	132	133	133	134	134	135	135	135	135	135	135	127	136	163	147	129	138	133	110	127	131	134	134	134	93	101	130	125	128	132	129	132	130	131	131	132	131	129	128	120	114	146	152	157	164	165	164	163	127	63	47	35	32	51	104	100	98	105	115	128	130	135	135
0	0	0	0	0	0	0	0	0	0	0	0	0	0	0	0	0	0	0	0	0	0	0	0	0	0	0	0	0	0	0	0	0	0	0	0	0	0	0	0	0	0	0	0	0	0	0	0	0	0	0	94	113	133	156	145	102	110	116	123	123	124	122	109	107	107	108	102	94	83	79	89	105	106	106	103	99	109	131	149	156	155	140	125	124	128	131	132	133	133	134	134	135	135	135	135	135	136	127	132	153	156	134	136	134	105	131	133	134	134	134	88	113	131	127	130	131	128	131	131	131	131	131	129	122	126	122	125	146	153	158	165	165	164	162	123	52	33	32	60	109	142	132	122	125	115	118	121	128	133
0	0	0	0	0	0	0	0	0	0	0	0	0	0	0	0	0	0	0	0	0	0	0	0	0	0	0	0	0	0	0	0	0	0	0	0	0	0	0	0	0	0	0	0	0	0	0	0	0	0	0	92	119	137	151	139	103	110	117	122	124	124	121	107	107	107	107	102	93	82	79	91	104	106	106	103	100	108	126	146	154	152	138	123	138	134	131	132	133	133	134	134	135	135	135	135	135	136	128	133	141	157	144	130	134	101	134	135	134	134	134	87	124	131	129	131	131	131	130	131	131	131	132	124	116	126	126	134	146	153	158	166	165	164	161	116	37	25	65	117	179	176	168	158	157	133	114	117	121	131
0	0	0	0	0	0	0	0	0	0	0	0	0	0	0	0	0	0	0	0	0	0	0	0	0	0	0	0	0	0	0	0	0	0	0	0	0	0	0	0	0	0	0	0	0	0	0	0	0	0	0	94	119	142	143	128	104	111	118	122	126	124	119	108	107	107	107	101	91	81	79	94	103	106	106	104	101	107	122	139	154	149	140	125	151	142	133	132	133	133	134	134	135	135	135	135	135	139	130	133	135	149	156	125	134	99	136	138	134	134	133	93	128	128	129	129	130	134	127	130	132	129	131	118	118	131	129	141	147	153	158	166	165	164	159	107	37	57	150	181	170	165	165	166	180	161	134	126	111	123
0	0	0	0	0	0	0	0	0	0	0	0	0	0	0	0	0	0	0	0	0	0	0	0	0	0	0	0	0	0	0	0	0	0	0	0	0	0	0	0	0	0	0	0	0	0	0	0	0	0	0	96	115	147	132	120	104	112	118	124	130	124	115	109	107	107	106	100	90	79	79	94	103	106	106	105	103	108	119	130	154	148	141	124	156	149	133	132	133	133	134	134	135	135	134	135	134	136	130	133	135	142	159	139	123	102	136	140	134	134	134	109	125	126	130	126	131	129	125	130	135	129	124	118	126	136	133	144	148	154	159	165	165	163	157	123	102	136	178	164	127	118	119	121	125	155	168	151	130	112
0	0	0	0	0	0	0	0	0	0	0	0	0	0	0	0	0	0	0	0	0	0	0	0	0	0	0	0	0	0	0	0	0	0	0	0	0	0	0	0	0	0	0	0	0	0	0	0	0	0	0	97	114	147	119	116	105	112	119	126	133	123	113	110	107	107	106	99	89	78	78	95	102	106	106	105	105	109	117	124	153	148	138	126	159	154	136	132	133	133	134	134	135	135	134	135	135	135	130	132	134	137	156	157	113	108	135	141	134	134	134	122	122	125	131	124	128	117	122	129	135	125	116	119	129	137	136	145	149	154	160	165	165	165	158	156	156	169	154	114	83	80	80	82	75	122	151	151	152	117
0	0	0	0	0	0	0	0	0	0	0	0	0	0	0	0	0	0	0	0	0	0	0	0	0	0	0	0	0	0	0	0	0	0	0	0	0	0	0	0	0	0	0	0	0	0	0	0	0	0	0	99	119	142	109	114	105	112	119	129	136	122	111	109	107	107	105	98	88	78	78	97	102	106	106	106	106	111	116	122	151	149	133	132	160	159	142	133	133	133	134	134	135	135	134	135	135	135	130	132	134	134	150	169	109	116	134	140	134	134	134	130	121	125	131	121	123	106	120	125	129	120	114	122	131	136	139	145	149	155	160	165	165	167	161	183	174	153	105	67	62	64	65	67	53	80	103	126	155	131
0	0	0	0	0	0	0	0	0	0	0	0	0	0	0	0	0	0	0	0	0	0	0	0	0	0	0	0	0	0	0	0	0	0	0	0	0	0	0	0	0	0	0	0	0	0	0	0	0	0	0	103	129	133	102	114	106	113	119	131	141	122	111	108	107	106	105	97	88	79	81	101	102	106	106	107	108	113	115	126	145	150	128	142	161	161	147	133	133	133	134	134	135	135	134	134	134	134	130	132	135	130	144	166	113	124	132	138	134	134	136	133	121	125	129	117	115	104	119	118	117	118	121	128	134	134	142	145	150	155	161	166	165	166	166	181	140	94	60	54	83	80	85	87	75	50	50	81	121	147
0	0	0	0	0	0	0	0	0	0	0	0	0	0	0	0	0	0	0	0	0	0	0	0	0	0	0	0	0	0	0	0	0	0	0	0	0	0	0	0	0	0	0	0	0	0	0	0	0	0	0	107	137	124	101	112	106	114	120	133	144	122	112	108	107	106	104	96	88	83	85	105	102	106	106	107	108	113	113	132	128	151	125	152	161	162	150	134	134	133	134	134	135	135	134	134	134	133	131	131	135	130	139	148	124	131	129	137	133	134	135	132	122	124	125	112	109	110	119	111	104	121	135	134	138	139	143	148	150	155	161	166	165	163	163	138	84	56	66	78	94	81	85	86	85	67	71	73	69	143
0	0	0	0	0	0	0	0	0	0	0	0	0	0	0	0	0	0	0	0	0	0	0	0	0	0	0	0	0	0	0	0	0	0	0	0	0	0	0	0	0	0	0	0	0	0	0	0	0	0	0	108	149	116	101	109	107	114	120	134	142	118	110	108	108	106	101	93	90	89	91	102	102	105	106	107	111	113	115	135	124	148	118	155	163	167	149	141	137	131	133	134	135	134	133	133	133	132	131	132	132	128	134	129	143	142	137	138	130	134	133	133	120	119	120	112	111	111	120	89	104	129	138	136	140	141	143	148	152	156	161	166	165	166	124	96	73	69	74	86	92	82	84	84	83	74	75	74	61	112
0	0	0	0	0	0	0	0	0	0	0	0	0	0	0	0	0	0	0	0	0	0	0	0	0	0	0	0	0	0	0	0	0	0	0	0	0	0	0	0	0	0	0	0	0	0	0	0	0	0	0	109	155	109	101	107	110	115	120	137	139	114	109	108	107	106	100	91	91	94	97	100	102	105	106	107	113	111	118	138	121	137	118	154	165	163	153	150	142	131	133	134	134	132	133	132	133	132	131	131	130	127	130	116	146	150	147	141	130	135	132	134	117	110	117	117	115	113	117	75	115	135	137	137	139	141	144	148	154	156	161	165	165	166	91	80	76	84	81	87	89	82	83	82	79	76	74	76	68	97
0	0	0	0	0	0	0	0	0	0	0	0	0	0	0	0	0	0	0	0	0	0	0	0	0	0	0	0	0	0	0	0	0	0	0	0	0	0	0	0	0	0	0	0	0	0	0	0	0	0	0	112	153	102	101	107	112	116	121	140	135	111	109	108	107	105	100	91	93	98	99	100	102	105	105	107	112	109	117	143	111	116	127	154	164	148	161	155	146	134	133	133	135	128	132	131	132	132	131	131	130	129	128	109	127	152	155	146	135	136	131	133	114	98	115	123	118	117	105	82	133	135	135	138	140	141	145	149	154	157	161	165	165	163	85	91	78	81	85	87	87	83	83	81	76	76	76	76	73	112
0	0	0	0	0	0	0	0	0	0	0	0	0	0	0	0	0	0	0	0	0	0	0	0	0	0	0	0	0	0	0	0	0	0	0	0	0	0	0	0	0	0	0	0	0	0	0	0	0	0	0	119	150	98	101	107	113	116	121	139	131	111	109	108	107	105	100	92	93	101	100	101	102	104	105	108	113	111	115	153	92	79	106	156	148	150	158	156	148	137	132	133	135	127	131	132	132	131	131	131	130	130	128	103	119	150	160	150	136	136	132	132	116	85	111	120	120	119	91	115	139	134	134	139	140	141	148	151	154	157	161	166	165	173	108	94	80	76	87	86	86	84	84	81	74	76	76	73	73	120
0	0	0	0	0	0	0	0	0	0	0	0	0	0	0	0	0	0	0	0	0	0	0	0	0	0	0	0	0	0	0	0	0	0	0	0	0	0	0	0	0	0	0	0	0	0	0	0	0	0	0	126	144	96	102	107	113	117	121	137	126	111	109	108	107	104	99	92	93	102	100	100	102	104	105	108	113	112	125	121	62	49	111	140	155	150	154	158	149	140	133	133	134	127	131	131	131	131	131	131	129	130	131	96	126	147	157	152	138	135	134	129	119	78	110	106	121	112	92	141	137	134	136	140	140	141	149	152	155	158	162	165	165	174	138	76	81	76	85	85	83	84	84	81	74	76	76	71	70	121
0	0	0	0	0	0	0	0	0	0	0	0	0	0	0	0	0	0	0	0	0	0	0	0	0	0	0	0	0	0	0	0	0	0	0	0	0	0	0	0	0	0	0	0	0	0	0	0	0	0	0	131	133	97	102	107	113	117	121	133	122	110	108	107	106	103	97	91	93	102	100	99	103	104	105	109	113	112	141	81	61	92	148	147	149	150	153	158	151	142	135	133	133	128	131	131	131	131	131	130	128	130	134	90	132	144	152	153	146	135	134	126	115	74	113	97	118	104	104	147	134	136	139	141	142	143	149	153	155	159	162	165	165	170	160	73	82	78	85	85	82	84	84	82	74	76	77	72	71	123
0	0	0	0	0	0	0	0	0	0	0	0	0	0	0	0	0	0	0	0	0	0	0	0	0	0	0	0	0	0	0	0	0	0	0	0	0	0	0	0	0	0	0	0	0	0	0	0	0	0	0	136	120	101	101	107	113	118	121	127	118	109	108	107	105	102	96	90	94	102	100	99	104	104	105	109	112	113	152	52	109	187	203	184	136	148	154	158	153	145	136	132	131	129	131	132	131	131	131	129	128	129	136	87	134	140	148	154	157	134	129	123	104	73	119	101	106	103	122	137	135	138	140	142	143	145	148	153	154	159	162	165	165	164	171	93	81	79	85	88	82	84	84	83	74	77	78	76	75	127
0	0	0	0	0	0	0	0	0	0	0	0	0	0	0	0	0	0	0	0	0	0	0	0	0	0	0	0	0	0	0	0	0	0	0	0	0	0	0	0	0	0	0	0	0	0	0	0	0	0	0	142	112	105	101	107	113	117	121	122	114	108	107	106	105	102	95	88	94	102	101	100	104	104	105	109	113	115	136	59	232	247	246	242	149	141	152	154	152	146	140	133	131	130	130	132	131	131	131	129	127	128	127	89	134	138	144	152	168	132	120	120	90	72	125	126	83	113	132	130	138	137	136	145	145	146	148	153	156	159	163	165	166	164	165	142	80	78	84	91	86	84	84	83	77	78	78	79	86	131
0	0	0	0	0	0	0	0	0	0	0	0	0	0	0	0	0	0	0	0	0	0	0	0	0	0	0	0	0	0	0	0	0	0	0	0	0	0	0	0	0	0	0	0	0	0	0	0	0	0	0	149	106	105	101	108	113	116	120	120	112	106	107	106	104	101	95	89	96	102	102	102	104	104	106	108	113	118	100	159	247	245	247	234	206	120	153	150	149	147	142	135	132	129	132	130	131	131	131	130	128	128	116	108	138	135	141	145	156	127	112	109	91	71	125	132	82	123	131	135	138	139	135	145	146	147	149	153	156	160	163	165	165	163	155	160	95	77	84	91	89	84	84	83	79	78	79	80	93	131
0	0	0	0	0	0	0	0	0	0	0	0	0	0	0	0	0	0	0	0	0	0	0	0	0	0	0	0	0	0	0	0	0	0	0	0	0	0	0	0	0	0	0	0	0	0	0	0	0	0	0	151	100	103	102	108	113	116	120	117	109	106	106	105	103	100	95	91	97	102	103	103	104	105	106	109	112	116	89	219	249	246	244	217	209	121	153	150	151	147	144	140	134	128	133	128	131	131	131	131	130	128	109	133	142	134	138	137	135	120	108	95	102	71	120	118	99	125	129	136	137	140	138	145	146	147	149	153	157	160	163	164	165	161	156	164	117	77	85	91	90	85	84	82	80	78	82	80	99	131
0	0	0	0	0	0	0	0	0	0	0	0	0	0	0	0	0	0	0	0	0	0	0	0	0	0	0	0	0	0	0	0	0	0	0	0	0	0	0	0	0	0	0	0	0	0	0	0	0	0	0	146	96	100	102	109	114	116	120	114	108	106	106	104	102	100	95	93	98	102	104	105	105	105	106	109	111	109	115	241	247	249	242	214	159	148	143	155	155	147	145	147	136	128	132	128	131	131	131	132	129	128	104	149	144	133	136	131	110	116	112	84	116	73	111	100	121	124	128	135	138	141	142	145	147	145	149	153	157	161	163	164	165	160	162	163	142	80	85	91	90	85	84	81	81	77	84	79	104	131
0	0	0	0	0	0	0	0	0	0	0	0	0	0	0	0	0	0	0	0	0	0	0	0	0	0	0	0	0	0	0	0	0	0	0	0	0	0	0	0	0	0	0	0	0	0	0	0	0	0	0	132	100	98	102	109	114	115	120	112	108	106	105	103	101	99	95	96	100	101	104	105	105	106	107	107	108	96	187	245	247	247	244	249	75	198	114	160	155	148	146	153	138	130	129	129	131	132	132	132	125	128	100	144	140	133	134	131	85	123	127	79	123	83	100	99	132	126	130	132	143	142	145	145	150	140	149	152	157	162	163	164	164	162	162	162	162	87	81	91	88	85	84	79	81	71	78	81	114	132
0	0	0	0	0	0	0	0	0	0	0	0	0	0	0	0	0	0	0	0	0	0	0	0	0	0	0	0	0	0	0	0	0	0	0	0	0	0	0	0	0	0	0	0	0	0	0	0	0	0	0	120	98	100	103	110	114	115	117	109	107	106	105	103	99	99	95	97	100	102	104	104	105	107	111	113	112	105	231	244	247	247	246	248	143	112	82	152	153	146	150	156	138	130	129	129	131	132	132	132	127	123	104	140	138	132	133	131	76	101	120	77	125	97	79	117	132	125	129	128	139	142	143	149	149	145	149	152	157	162	163	164	164	163	162	162	161	115	61	84	87	85	82	84	81	75	80	84	118	133
0	0	0	0	0	0	0	0	0	0	0	0	0	0	0	0	0	0	0	0	0	0	0	0	0	0	0	0	0	0	0	0	0	0	0	0	0	0	0	0	0	0	0	0	0	0	0	0	0	0	0	110	96	101	103	111	114	115	115	107	107	105	105	102	98	98	95	98	100	102	104	104	105	109	114	119	88	154	248	246	247	247	247	246	207	53	130	139	157	148	151	156	138	129	128	129	132	132	132	132	127	116	109	137	135	133	133	131	70	85	103	84	127	94	89	133	130	124	127	131	136	141	141	150	147	149	150	153	157	163	163	164	164	163	162	162	157	142	68	87	87	85	81	87	80	79	84	89	121	133
0	0	0	0	0	0	0	0	0	0	0	0	0	0	0	0	0	0	0	0	0	0	0	0	0	0	0	0	0	0	0	0	0	0	0	0	0	0	0	0	0	0	0	0	0	0	0	0	0	0	0	102	95	101	103	112	114	115	112	107	107	105	104	101	97	98	96	99	101	102	104	103	105	111	113	120	69	210	251	247	247	247	249	246	246	68	172	122	158	152	151	154	141	128	128	129	132	132	132	132	127	111	114	133	133	133	134	131	71	79	85	100	127	88	110	140	128	125	128	131	137	142	141	150	144	152	150	153	158	163	163	164	165	163	162	162	155	160	98	91	85	85	81	86	81	81	89	96	125	133
0	0	0	0	0	0	0	0	0	0	0	0	0	0	0	0	0	0	0	0	0	0	0	0	0	0	0	0	0	0	0	0	0	0	0	0	0	0	0	0	0	0	0	0	0	0	0	0	0	0	0	98	95	100	105	112	113	115	110	106	106	105	104	101	97	97	97	99	101	104	104	101	105	112	112	109	81	247	249	248	248	248	249	249	248	169	147	106	154	155	148	149	150	130	128	131	132	132	132	132	125	110	120	131	133	133	134	131	82	82	74	125	127	88	123	135	125	127	128	123	145	145	142	147	138	154	150	153	158	163	163	164	165	163	162	162	155	164	143	94	79	83	81	82	83	80	96	104	128	133
0	0	0	0	0	0	0	0	0	0	0	0	0	0	0	0	0	0	0	0	0	0	0	0	0	0	0	0	0	0	0	0	0	0	0	0	0	0	0	0	0	0	0	0	0	0	0	0	0	0	0	100	96	99	107	113	114	114	109	105	106	104	102	100	95	97	98	100	102	104	104	101	105	111	110	70	168	249	248	248	248	248	249	249	244	234	46	122	143	156	143	147	159	137	129	132	133	132	132	132	124	111	122	130	134	133	134	131	101	80	87	141	120	92	103	129	122	128	123	110	156	147	143	140	118	151	150	153	159	163	163	164	165	163	162	162	157	157	151	114	80	81	84	83	82	74	103	113	130	133
0	0	0	0	0	0	0	0	0	0	0	0	0	0	0	0	0	0	0	0	0	0	0	0	0	0	0	0	0	0	0	0	0	0	0	0	0	0	0	0	0	0	0	0	0	0	0	0	0	0	0	99	98	101	109	114	114	113	108	105	105	104	101	100	95	97	99	100	103	104	104	103	106	109	103	80	192	245	250	250	249	248	248	249	246	240	33	161	138	157	141	149	161	151	134	134	134	132	132	132	121	110	123	130	134	133	134	131	108	75	111	140	106	82	90	125	122	127	111	126	161	148	143	130	94	149	150	153	159	163	163	164	165	163	162	162	158	151	146	141	103	78	84	84	83	71	106	117	132	133
0	0	0	0	0	0	0	0	0	0	0	0	0	0	0	0	0	0	0	0	0	0	0	0	0	0	0	0	0	0	0	0	0	0	0	0	0	0	0	0	0	0	0	0	0	0	0	0	0	0	0	99	99	103	110	115	114	111	108	105	104	103	101	100	95	98	99	100	104	105	106	105	102	102	99	108	143	230	252	250	250	249	249	247	247	241	77	175	127	159	142	152	160	162	141	136	134	132	132	132	116	107	124	130	135	133	134	131	102	78	129	131	95	70	83	121	120	123	109	149	150	144	144	117	78	148	149	153	159	163	163	164	165	163	163	162	158	149	143	154	130	86	83	85	84	72	104	117	133	133
0	0	0	0	0	0	0	0	0	0	0	0	0	0	0	0	0	0	0	0	0	0	0	0	0	0	0	0	0	0	0	0	0	0	0	0	0	0	0	0	0	0	0	0	0	0	0	0	0	0	0	99	98	102	111	117	115	110	107	104	103	102	101	99	94	98	99	101	104	106	107	106	95	90	102	129	50	199	254	250	251	249	252	246	246	250	154	144	107	158	145	156	159	169	149	139	134	132	132	132	107	104	128	130	135	133	134	131	86	94	134	121	88	58	82	116	117	118	119	165	125	135	146	103	76	149	148	153	159	163	163	164	164	163	164	162	158	150	148	151	152	105	81	87	85	77	98	115	134	132
0	0	0	0	0	0	0	0	0	0	0	0	0	0	0	0	0	0	0	0	0	0	0	0	0	0	0	0	0	0	0	0	0	0	0	0	0	0	0	0	0	0	0	0	0	0	0	0	0	0	0	100	97	100	112	117	118	109	107	105	104	102	101	100	94	98	99	101	104	106	107	106	87	69	125	93	18	133	254	250	252	250	251	248	252	251	228	58	79	148	147	157	164	167	151	141	135	133	131	132	100	104	132	130	133	133	133	131	68	118	124	112	85	49	86	111	111	114	139	148	92	127	149	89	86	150	149	154	160	163	162	164	164	163	164	163	157	153	149	150	152	133	84	90	86	82	93	112	136	132
0	0	0	0	0	0	0	0	0	0	0	0	0	0	0	0	0	0	0	0	0	0	0	0	0	0	0	0	0	0	0	0	0	0	0	0	0	0	0	0	0	0	0	0	0	0	0	0	0	0	0	107	96	100	112	133	114	108	107	104	102	102	102	102	94	99	99	99	104	100	103	99	104	58	118	128	39	55	243	251	250	252	249	248	246	251	245	34	130	130	146	158	165	165	155	145	138	133	129	132	100	114	131	130	131	126	129	123	79	117	124	93	80	61	92	96	114	113	163	113	91	125	152	95	101	144	150	154	160	163	163	164	164	164	163	163	157	155	152	148	147	148	123	96	74	83	103	124	133	131
0	0	0	0	0	0	0	0	0	0	0	0	0	0	0	0	0	0	0	0	0	0	0	0	0	0	0	0	0	0	0	0	0	0	0	0	0	0	0	0	0	0	0	0	0	0	0	0	0	0	0	111	97	100	116	137	111	108	107	104	101	103	103	101	94	99	99	99	103	101	106	95	109	82	105	153	66	29	195	251	251	250	249	248	244	251	248	40	171	111	148	157	165	164	158	150	142	131	132	128	104	123	129	130	129	118	128	101	95	116	119	82	72	68	84	88	95	139	157	99	97	132	153	98	114	145	150	153	161	163	163	164	164	164	163	163	158	156	153	147	146	151	143	116	69	77	111	131	131	130
0	0	0	0	0	0	0	0	0	0	0	0	0	0	0	0	0	0	0	0	0	0	0	0	0	0	0	0	0	0	0	0	0	0	0	0	0	0	0	0	0	0	0	0	0	0	0	0	0	0	0	113	98	101	124	132	111	108	106	103	100	103	104	100	93	99	99	98	103	107	109	100	99	121	105	152	89	46	117	248	253	247	249	248	247	251	247	78	182	100	153	156	166	164	159	154	146	129	138	121	111	129	128	131	129	111	126	76	110	116	108	80	63	72	69	88	74	170	127	101	95	140	154	98	125	150	150	154	161	163	163	164	164	164	164	163	159	157	154	147	146	147	145	137	81	68	116	132	130	129
0	0	0	0	0	0	0	0	0	0	0	0	0	0	0	0	0	0	0	0	0	0	0	0	0	0	0	0	0	0	0	0	0	0	0	0	0	0	0	0	0	0	0	0	0	0	0	0	0	0	0	117	101	102	135	128	111	108	106	102	100	104	107	103	93	98	100	100	103	109	105	116	83	132	143	115	100	74	27	241	251	247	249	249	249	251	243	154	148	109	158	159	164	164	160	157	149	129	139	114	119	131	128	131	129	103	115	71	123	118	90	80	58	80	65	93	97	162	87	98	72	140	161	100	135	155	149	154	161	163	163	164	163	165	164	164	159	157	154	147	147	145	144	136	122	72	121	134	130	128
0	0	0	0	0	0	0	0	0	0	0	0	0	0	0	0	0	0	0	0	0	0	0	0	0	0	0	0	0	0	0	0	0	0	0	0	0	0	0	0	0	0	0	0	0	0	0	0	0	0	0	119	105	105	147	124	109	107	105	102	101	104	112	111	93	98	99	100	104	112	110	97	133	118	137	113	97	90	12	196	249	250	249	248	249	251	243	213	93	116	156	157	163	165	161	160	153	137	133	113	123	127	131	131	127	99	93	101	128	117	72	84	65	81	61	81	124	135	83	96	79	150	157	105	143	153	149	154	162	163	163	165	164	165	164	164	159	157	154	148	147	145	143	128	144	107	127	133	130	128
0	0	0	0	0	0	0	0	0	0	0	0	0	0	0	0	0	0	0	0	0	0	0	0	0	0	0	0	0	0	0	0	0	0	0	0	0	0	0	0	0	0	0	0	0	0	0	0	0	0	0	122	110	109	155	123	108	105	104	104	104	109	122	120	93	98	99	100	102	109	118	86	139	133	119	120	104	99	32	122	250	251	249	249	251	253	245	241	48	147	140	150	162	164	162	162	156	142	131	111	118	119	125	122	114	96	82	121	129	111	60	85	72	81	59	94	110	109	85	92	92	156	157	111	147	150	149	154	162	163	163	164	164	165	164	164	159	157	155	149	148	146	142	130	147	130	132	133	129	127
0	0	0	0	0	0	0	0	0	0	0	0	0	0	0	0	0	0	0	0	0	0	0	0	0	0	0	0	0	0	0	0	0	0	0	0	0	0	0	0	0	0	0	0	0	0	0	0	0	0	0	124	115	114	158	124	107	104	103	105	109	117	132	128	93	98	99	100	102	103	118	91	118	148	105	126	117	104	61	50	250	251	249	249	251	254	247	247	26	193	111	147	161	164	163	162	158	146	133	106	109	110	112	107	98	91	80	120	127	98	58	81	76	81	64	123	80	89	88	89	97	158	161	117	148	148	149	154	162	163	163	165	165	165	164	164	159	157	155	149	148	146	141	136	142	141	135	133	128	126
0	0	0	0	0	0	0	0	0	0	0	0	0	0	0	0	0	0	0	0	0	0	0	0	0	0	0	0	0	0	0	0	0	0	0	0	0	0	0	0	0	0	0	0	0	0	0	0	0	0	0	125	120	120	156	125	106	104	102	107	116	129	143	132	93	98	99	100	102	97	101	120	92	135	106	124	130	106	77	5	239	249	249	249	250	253	247	243	42	239	74	153	159	164	164	162	159	148	140	100	98	101	96	93	86	87	86	95	121	78	65	73	78	80	77	155	61	79	85	89	84	154	165	126	147	148	149	154	162	163	163	164	165	165	164	164	159	157	154	149	148	147	139	141	141	142	136	133	127	125
0	0	0	0	0	0	0	0	0	0	0	0	0	0	0	0	0	0	0	0	0	0	0	0	0	0	0	0	0	0	0	0	0	0	0	0	0	0	0	0	0	0	0	0	0	0	0	0	0	0	0	124	124	127	151	125	105	104	101	110	125	140	151	132	93	98	98	99	102	101	80	121	142	97	101	128	128	106	83	22	185	252	249	249	248	250	247	239	117	229	71	147	157	163	164	162	159	152	141	97	97	94	90	92	89	86	89	76	109	59	74	66	81	68	96	133	76	88	91	97	91	159	158	138	145	148	150	155	162	163	163	164	165	165	164	164	158	157	154	150	149	148	140	141	142	147	136	133	126	124
0	0	0	0	0	0	0	0	0	0	0	0	0	0	0	0	0	0	0	0	0	0	0	0	0	0	0	0	0	0	0	0	0	0	0	0	0	0	0	0	0	0	0	0	0	0	0	0	0	0	0	124	126	132	144	125	105	102	101	111	130	145	156	133	93	99	99	98	101	106	90	107	141	98	108	127	126	110	97	49	117	252	249	249	248	248	247	242	172	220	94	126	155	162	163	163	157	159	138	97	100	87	88	93	93	86	86	74	96	48	81	61	86	66	120	107	86	91	96	89	111	159	158	149	144	144	150	155	162	163	163	164	164	165	164	163	158	156	155	151	150	149	140	141	142	144	136	133	126	123
0	0	0	0	0	0	0	0	0	0	0	0	0	0	0	0	0	0	0	0	0	0	0	0	0	0	0	0	0	0	0	0	0	0	0	0	0	0	0	0	0	0	0	0	0	0	0	0	0	0	0	123	127	136	138	127	105	101	101	114	133	148	158	138	96	100	100	97	101	100	126	92	125	108	114	125	125	114	104	70	61	251	248	249	248	248	247	245	205	221	128	107	153	161	162	166	157	161	128	95	101	86	90	94	99	89	82	102	95	49	86	61	84	83	141	93	88	91	102	86	127	157	160	153	146	144	151	155	162	163	163	163	164	165	164	162	157	156	154	151	150	150	140	145	144	140	135	133	126	124
0	0	0	0	0	0	0	0	0	0	0	0	0	0	0	0	0	0	0	0	0	0	0	0	0	0	0	0	0	0	0	0	0	0	0	0	0	0	0	0	0	0	0	0	0	0	0	0	0	0	0	120	128	139	135	130	103	100	101	119	136	150	160	144	100	102	101	95	101	79	174	85	112	113	115	125	126	117	102	80	28	243	248	249	248	248	246	246	217	233	163	97	150	159	162	169	161	156	114	93	100	91	93	93	106	92	84	151	108	61	88	67	75	115	149	95	82	88	106	92	132	155	162	150	149	150	152	156	162	163	163	163	163	164	163	161	157	156	153	151	150	149	139	152	147	140	135	133	126	126
0	0	0	0	0	0	0	0	0	0	0	0	0	0	0	0	0	0	0	0	0	0	0	0	0	0	0	0	0	0	0	0	0	0	0	0	0	0	0	0	0	0	0	0	0	0	0	0	0	0	0	124	132	140	134	126	102	100	102	121	134	150	159	141	101	101	100	99	100	64	189	89	102	104	115	126	127	119	105	95	23	210	250	249	249	248	248	246	229	234	186	82	143	157	162	165	164	144	112	93	99	92	93	90	93	78	111	166	113	66	78	67	71	135	111	91	84	88	99	92	137	155	163	149	149	150	153	157	162	163	163	162	161	163	163	159	156	155	154	152	151	148	139	151	147	139	134	133	124	123
0	0	0	0	0	0	0	0	0	0	0	0	0	0	0	0	0	0	0	0	0	0	0	0	0	0	0	0	0	0	0	0	0	0	0	0	0	0	0	0	0	0	0	0	0	0	0	0	0	0	0	128	136	140	134	120	101	98	101	122	133	152	158	138	101	100	103	99	95	99	209	132	77	105	115	128	128	122	106	102	37	151	251	249	251	248	248	248	240	236	209	73	136	153	161	163	164	143	106	93	98	93	91	94	86	98	142	167	126	76	69	71	90	138	87	91	83	89	96	92	144	156	162	150	148	150	154	158	162	163	163	162	162	163	162	158	156	155	153	151	151	148	141	150	148	140	134	133	124	121
0	0	0	0	0	0	0	0	0	0	0	0	0	0	0	0	0	0	0	0	0	0	0	0	0	0	0	0	0	0	0	0	0	0	0	0	0	0	0	0	0	0	0	0	0	0	0	0	0	0	0	129	139	139	134	115	101	98	101	120	136	153	157	133	101	100	103	100	83	143	227	185	55	118	116	129	128	124	107	104	54	95	250	249	251	248	248	248	246	238	219	70	132	148	158	163	160	149	99	94	96	93	92	94	88	130	161	162	140	87	61	79	110	122	80	93	82	90	96	92	151	157	161	150	148	150	154	158	161	163	163	162	162	162	161	157	155	154	153	151	151	148	141	149	148	139	134	134	125	120
0	0	0	0	0	0	0	0	0	0	0	0	0	0	0	0	0	0	0	0	0	0	0	0	0	0	0	0	0	0	0	0	0	0	0	0	0	0	0	0	0	0	0	0	0	0	0	0	0	0	0	129	139	137	134	110	100	98	101	115	140	155	155	127	101	100	100	101	74	180	239	232	50	135	115	128	127	124	109	104	69	55	246	249	250	248	249	247	246	241	217	72	131	143	155	162	152	156	93	96	95	94	96	89	102	159	168	158	149	102	55	92	120	94	85	94	80	90	98	92	159	157	160	149	148	150	155	158	162	163	162	161	160	161	160	156	154	153	152	151	151	147	141	148	148	139	134	134	125	120
0	0	0	0	0	0	0	0	0	0	0	0	0	0	0	0	0	0	0	0	0	0	0	0	0	0	0	0	0	0	0	0	0	0	0	0	0	0	0	0	0	0	0	0	0	0	0	0	0	0	0	127	138	133	132	107	100	97	100	107	146	155	152	121	102	99	93	100	85	197	242	247	85	139	113	124	125	124	112	108	76	40	234	247	249	248	248	245	242	248	214	73	132	136	151	158	150	150	90	97	95	94	102	79	128	160	166	162	151	117	51	115	102	74	90	90	83	90	101	94	164	158	158	149	148	152	155	159	162	163	161	160	159	160	159	154	152	151	151	150	151	147	142	146	147	139	134	134	125	120
0	0	0	0	0	0	0	0	0	0	0	0	0	0	0	0	0	0	0	0	0	0	0	0	0	0	0	0	0	0	0	0	0	0	0	0	0	0	0	0	0	0	0	0	0	0	0	0	0	0	0	125	138	130	131	108	99	97	99	102	150	156	151	117	103	98	96	89	128	222	249	245	146	112	114	121	123	124	117	108	89	41	199	245	251	249	248	243	240	249	222	67	132	134	148	152	156	122	90	95	93	94	101	99	150	162	161	162	150	131	55	143	78	83	89	84	88	89	97	97	165	157	157	149	148	152	156	159	162	163	161	159	157	158	157	153	151	150	151	151	151	146	143	146	147	139	134	134	125	120
0	0	0	0	0	0	0	0	0	0	0	0	0	0	0	0	0	0	0	0	0	0	0	0	0	0	0	0	0	0	0	0	0	0	0	0	0	0	0	0	0	0	0	0	0	0	0	0	0	0	0	123	137	129	131	109	99	97	99	101	150	157	151	111	104	98	101	83	161	242	252	241	197	80	114	117	121	124	122	108	101	48	152	246	250	249	248	244	240	240	227	65	131	133	145	150	158	99	91	94	92	95	103	127	160	164	160	160	150	142	74	154	65	92	89	82	90	89	93	103	164	158	156	149	148	152	156	160	162	163	162	157	156	157	156	152	150	149	151	151	151	147	144	146	146	139	133	133	125	118
0	0	0	0	0	0	0	0	0	0	0	0	0	0	0	0	0	0	0	0	0	0	0	0	0	0	0	0	0	0	0	0	0	0	0	0	0	0	0	0	0	0	0	0	0	0	0	0	0	0	0	121	136	129	130	112	99	96	99	102	149	157	150	107	104	97	101	93	182	250	248	236	232	55	110	114	119	125	125	114	112	60	99	249	249	249	248	247	240	224	222	67	130	133	142	150	153	87	93	93	92	95	110	151	162	166	159	158	150	149	105	151	60	95	88	84	88	90	91	112	162	158	156	149	148	153	156	161	162	163	162	156	156	156	154	150	150	150	150	152	151	147	146	147	145	139	132	132	125	116
0	0	0	0	0	0	0	0	0	0	0	0	0	0	0	0	0	0	0	0	0	0	0	0	0	0	0	0	0	0	0	0	0	0	0	0	0	0	0	0	0	0	0	0	0	0	0	0	0	0	0	121	136	130	129	115	98	95	99	104	147	156	149	105	104	97	88	126	198	240	238	229	246	52	104	110	118	125	127	132	116	74	48	249	247	249	247	248	240	201	202	75	131	134	140	148	141	90	96	93	91	96	121	158	157	165	159	161	150	152	141	134	62	85	90	88	82	92	91	121	161	158	154	149	149	153	157	161	161	163	162	154	155	158	153	149	149	149	150	151	150	146	145	148	144	138	132	131	125	114
0	0	0	0	0	0	0	0	0	0	0	0	0	0	0	0	0	0	0	0	0	0	0	0	0	0	0	0	0	0	0	0	0	0	0	0	0	0	0	0	0	0	0	0	0	0	0	0	0	0	0	121	136	132	129	112	97	94	98	109	142	151	150	101	104	85	70	164	228	243	240	238	244	120	84	105	116	124	129	126	116	83	37	238	250	250	247	247	236	121	182	83	130	134	137	146	128	96	97	95	93	96	138	156	158	167	160	156	140	147	142	91	63	85	89	89	87	92	95	145	162	157	153	149	149	153	156	161	161	161	152	150	150	162	151	145	149	149	149	150	150	146	145	146	142	137	131	129	119	109
0	0	0	0	0	0	0	0	0	0	0	0	0	0	0	0	0	0	0	0	0	0	0	0	0	0	0	0	0	0	0	0	0	0	0	0	0	0	0	0	0	0	0	0	0	0	0	0	0	0	0	120	135	131	129	112	97	94	97	114	140	146	149	100	103	104	65	168	233	243	242	242	241	178	63	108	117	123	128	125	116	91	37	215	250	250	247	248	245	66	177	91	128	136	136	142	117	101	96	92	91	99	149	156	159	163	158	152	140	154	136	62	63	85	89	88	88	93	96	159	164	156	152	149	149	154	157	161	162	161	149	148	141	157	148	145	148	148	149	149	149	146	146	145	141	136	130	129	116	104
0	0	0	0	0	0	0	0	0	0	0	0	0	0	0	0	0	0	0	0	0	0	0	0	0	0	0	0	0	0	0	0	0	0	0	0	0	0	0	0	0	0	0	0	0	0	0	0	0	0	0	119	135	131	128	114	98	94	97	122	137	139	146	99	105	114	83	173	234	241	244	244	242	221	53	108	119	123	126	128	116	100	46	185	248	250	247	247	250	68	186	95	127	138	137	135	107	103	95	89	88	110	157	157	158	161	154	151	147	162	117	50	65	85	90	88	89	92	94	167	165	155	152	149	150	156	160	161	162	160	149	148	131	146	146	146	147	148	148	149	148	146	146	144	141	134	130	128	114	101
0	0	0	0	0	0	0	0	0	0	0	0	0	0	0	0	0	0	0	0	0	0	0	0	0	0	0	0	0	0	0	0	0	0	0	0	0	0	0	0	0	0	0	0	0	0	0	0	0	0	0	118	134	132	129	116	98	95	97	133	132	133	145	99	109	95	124	199	244	240	244	243	247	246	61	99	123	123	123	131	118	107	61	148	248	250	246	243	242	134	199	95	128	134	141	124	97	102	93	88	89	130	163	158	158	163	149	157	158	160	81	54	68	85	90	92	93	92	90	169	164	155	150	149	151	159	162	162	162	157	145	146	122	133	143	147	147	148	148	149	148	146	146	144	141	134	129	125	113	99
0	0	0	0	0	0	0	0	0	0	0	0	0	0	0	0	0	0	0	0	0	0	0	0	0	0	0	0	0	0	0	0	0	0	0	0	0	0	0	0	0	0	0	0	0	0	0	0	0	0	0	117	134	130	130	118	99	95	95	141	128	129	143	98	102	61	165	233	251	241	245	243	250	244	90	97	123	124	121	132	119	111	76	106	250	250	247	241	234	164	175	103	132	128	144	112	95	97	90	95	99	153	161	157	157	154	154	162	167	117	48	67	68	84	92	101	98	89	91	166	160	154	150	149	152	160	162	162	162	151	136	141	117	128	143	148	148	148	148	148	148	145	144	143	138	132	128	122	109	95
0	0	0	0	0	0	0	0	0	0	0	0	0	0	0	0	0	0	0	0	0	0	0	0	0	0	0	0	0	0	0	0	0	0	0	0	0	0	0	0	0	0	0	0	0	0	0	0	0	0	0	116	132	130	129	120	102	94	96	149	123	127	143	96	107	73	172	244	248	243	244	245	249	246	124	95	116	125	121	129	121	108	86	66	252	249	247	237	203	189	123	116	130	127	138	100	98	94	87	96	113	160	157	157	156	147	148	180	147	69	47	70	66	88	95	105	99	88	105	163	157	153	149	148	152	161	162	162	162	147	129	132	113	126	146	147	147	147	147	147	145	144	143	142	137	131	127	120	106	90
0	0	0	0	0	0	0	0	0	0	0	0	0	0	0	0	0	0	0	0	0	0	0	0	0	0	0	0	0	0	0	0	0	0	0	0	0	0	0	0	0	0	0	0	0	0	0	0	0	0	0	115	130	129	129	122	106	95	100	152	118	125	142	94	103	108	180	244	242	245	244	245	247	248	165	80	107	124	121	126	123	105	93	39	248	249	247	235	169	210	85	124	125	129	127	92	102	93	85	95	131	161	157	157	154	147	152	180	102	48	55	71	65	94	97	103	96	88	122	161	155	152	149	147	151	161	162	162	164	145	126	122	110	126	148	146	147	146	146	146	144	143	142	141	137	130	125	119	103	85
0	0	0	0	0	0	0	0	0	0	0	0	0	0	0	0	0	0	0	0	0	0	0	0	0	0	0	0	0	0	0	0	0	0	0	0	0	0	0	0	0	0	0	0	0	0	0	0	0	0	0	113	130	129	129	124	111	96	108	153	114	122	141	92	85	149	201	239	239	247	244	244	246	250	209	57	98	120	121	124	125	104	97	28	235	248	247	233	155	210	74	124	121	133	113	89	104	95	85	97	150	158	160	156	153	151	167	148	49	58	62	73	64	99	98	98	90	88	138	159	155	151	148	147	148	161	162	162	165	146	124	111	107	128	147	146	146	146	145	144	143	142	141	140	137	130	122	117	101	81
0	0	0	0	0	0	0	0	0	0	0	0	0	0	0	0	0	0	0	0	0	0	0	0	0	0	0	0	0	0	0	0	0	0	0	0	0	0	0	0	0	0	0	0	0	0	0	0	0	0	0	112	129	128	129	125	114	99	122	151	112	117	137	91	57	167	237	243	242	245	244	242	246	248	243	53	94	114	124	122	126	105	101	39	215	248	248	222	199	127	92	120	121	129	103	92	100	93	90	111	162	161	162	156	152	153	179	74	25	83	59	75	66	97	99	96	85	88	151	158	154	151	149	147	149	162	162	162	161	146	124	101	103	128	146	146	146	146	145	144	143	142	141	138	136	130	121	115	98	80
0	0	0	0	0	0	0	0	0	0	0	0	0	0	0	0	0	0	0	0	0	0	0	0	0	0	0	0	0	0	0	0	0	0	0	0	0	0	0	0	0	0	0	0	0	0	0	0	0	0	0	111	128	127	129	126	117	101	132	150	110	113	135	89	79	174	242	244	245	244	245	244	242	249	246	86	93	108	126	125	127	108	106	53	182	248	243	199	226	59	100	120	125	122	101	95	96	89	96	130	162	163	159	156	152	167	128	42	48	82	65	75	73	91	98	98	85	88	160	161	156	150	148	148	149	162	162	161	159	145	123	93	104	127	146	144	144	145	144	143	142	141	140	137	136	130	121	113	96	76
0	0	0	0	0	0	0	0	0	0	0	0	0	0	0	0	0	0	0	0	0	0	0	0	0	0	0	0	0	0	0	0	0	0	0	0	0	0	0	0	0	0	0	0	0	0	0	0	0	0	0	108	126	127	129	128	121	102	138	137	107	112	130	81	118	188	243	244	245	244	245	245	244	248	247	125	96	108	126	126	130	110	109	60	159	250	237	184	200	29	101	117	124	114	98	96	94	89	105	144	159	163	159	159	152	164	78	37	57	79	77	68	72	87	94	103	84	79	164	162	156	150	149	149	150	162	162	161	161	143	122	89	110	130	145	142	146	144	144	143	143	140	140	136	136	128	120	109	93	73
0	0	0	0	0	0	0	0	0	0	0	0	0	0	0	0	0	0	0	0	0	0	0	0	0	0	0	0	0	0	0	0	0	0	0	0	0	0	0	0	0	0	0	0	0	0	0	0	0	0	0	103	124	127	129	130	124	106	141	121	104	111	119	73	150	208	243	243	244	245	245	246	247	247	248	164	95	109	122	125	130	112	110	64	140	245	228	187	134	32	101	112	120	108	95	94	93	92	118	153	157	162	159	159	155	139	43	48	54	77	91	61	67	84	89	105	83	71	163	160	154	150	149	148	151	162	162	161	163	140	121	92	120	134	146	141	146	143	144	143	142	140	139	136	135	125	118	105	89	70
0	0	0	0	0	0	0	0	0	0	0	0	0	0	0	0	0	0	0	0	0	0	0	0	0	0	0	0	0	0	0	0	0	0	0	0	0	0	0	0	0	0	0	0	0	0	0	0	0	0	0	100	120	126	129	130	124	116	147	114	102	102	96	78	144	230	244	243	244	245	245	247	247	247	246	202	77	109	114	120	123	119	108	70	106	225	208	219	49	55	105	108	114	103	93	91	88	91	138	154	157	160	154	148	170	90	35	56	56	80	102	67	68	82	88	95	82	83	164	159	152	149	149	149	153	162	162	161	160	137	121	105	128	136	146	139	139	138	145	142	141	140	137	135	134	123	117	103	86	67
0	0	0	0	0	0	0	0	0	0	0	0	0	0	0	0	0	0	0	0	0	0	0	0	0	0	0	0	0	0	0	0	0	0	0	0	0	0	0	0	0	0	0	0	0	0	0	0	0	0	0	96	118	125	129	130	125	126	147	108	103	95	89	102	154	243	245	243	243	244	244	246	247	247	244	232	59	112	107	113	120	122	111	79	99	212	187	221	60	72	108	107	107	98	91	87	86	102	153	155	158	159	155	153	145	56	51	55	57	80	114	87	76	81	88	93	78	94	164	156	151	149	148	149	156	162	162	161	158	135	125	120	134	141	146	141	138	134	144	142	141	139	137	134	134	123	115	101	83	62
0	0	0	0	0	0	0	0	0	0	0	0	0	0	0	0	0	0	0	0	0	0	0	0	0	0	0	0	0	0	0	0	0	0	0	0	0	0	0	0	0	0	0	0	0	0	0	0	0	0	0	91	115	123	129	130	128	131	142	104	105	95	81	134	179	247	245	243	243	244	244	246	247	247	245	246	59	113	101	108	120	123	109	99	112	205	182	172	91	79	110	107	101	95	90	85	89	121	157	154	157	157	154	160	112	47	63	58	59	81	118	108	91	78	90	95	76	109	164	154	150	149	148	150	157	161	162	161	156	133	130	130	139	142	146	145	140	134	143	142	141	139	136	134	133	122	113	98	79	57
0	0	0	0	0	0	0	0	0	0	0	0	0	0	0	0	0	0	0	0	0	0	0	0	0	0	0	0	0	0	0	0	0	0	0	0	0	0	0	0	0	0	0	0	0	0	0	0	0	0	0	86	112	121	128	131	132	132	134	103	106	98	72	162	210	248	245	243	243	244	244	246	247	247	248	249	77	110	99	106	120	122	103	109	140	202	191	104	108	86	110	106	98	94	90	87	99	142	156	153	155	156	158	158	80	50	64	65	64	85	115	124	110	74	89	97	78	125	162	152	149	148	148	150	157	160	162	161	153	134	134	137	140	142	147	148	143	137	142	142	141	138	135	134	132	121	111	95	74	51
0	0	0	0	0	0	0	0	0	0	0	0	0	0	0	0	0	0	0	0	0	0	0	0	0	0	0	0	0	0	0	0	0	0	0	0	0	0	0	0	0	0	0	0	0	0	0	0	0	0	0	81	109	120	128	131	135	130	129	102	106	103	65	176	236	248	243	244	243	245	245	246	247	247	251	248	113	101	103	106	118	123	96	93	178	200	208	52	83	99	109	106	98	94	91	91	115	157	152	154	154	155	169	141	56	58	52	76	74	93	108	127	131	70	84	91	81	144	160	150	148	148	148	149	156	160	162	160	147	136	139	140	140	141	147	146	143	141	141	141	140	138	135	133	130	120	108	91	69	47
0	0	0	0	0	0	0	0	0	0	0	0	0	0	0	0	0	0	0	0	0	0	0	0	0	0	0	0	0	0	0	0	0	0	0	0	0	0	0	0	0	0	0	0	0	0	0	0	0	0	0	76	105	118	127	132	135	131	132	100	103	104	101	183	244	248	241	244	243	245	245	246	247	247	249	246	155	89	113	110	112	123	84	92	190	199	199	71	65	109	108	106	99	94	91	91	133	158	156	157	151	155	172	98	55	57	54	67	86	96	103	117	142	79	71	75	77	152	158	149	147	147	147	149	156	158	163	160	142	137	140	140	138	145	148	145	140	141	141	140	138	138	136	131	129	120	107	87	64	44
0	0	0	0	0	0	0	0	0	0	0	0	0	0	0	0	0	0	0	0	0	0	0	0	0	0	0	0	0	0	0	0	0	0	0	0	0	0	0	0	0	0	0	0	0	0	0	0	0	0	0	72	102	116	127	133	133	131	133	101	100	95	149	199	244	245	241	243	243	245	245	246	247	247	246	242	191	80	122	111	109	117	73	142	155	191	155	93	73	110	109	106	100	95	91	91	146	156	158	158	151	153	152	57	66	57	60	55	102	95	103	111	135	102	75	76	68	147	156	149	147	147	147	149	156	157	163	160	137	136	139	140	136	147	148	145	140	141	140	139	138	137	136	130	128	119	107	85	60	41
0	0	0	0	0	0	0	0	0	0	0	0	0	0	0	0	0	0	0	0	0	0	0	0	0	0	0	0	0	0	0	0	0	0	0	0	0	0	0	0	0	0	0	0	0	0	0	0	0	0	0	69	100	115	126	133	131	131	131	103	99	81	184	220	243	243	242	243	243	245	245	246	247	247	246	240	221	77	130	109	110	107	79	194	110	176	106	103	83	109	109	106	100	95	89	91	154	156	157	158	152	152	130	34	67	59	60	51	118	91	108	110	121	130	93	92	59	139	153	149	147	147	147	148	155	157	164	160	132	135	138	139	136	145	147	145	141	140	140	137	137	137	136	129	127	118	105	83	57	39
0	0	0	0	0	0	0	0	0	0	0	0	0	0	0	0	0	0	0	0	0	0	0	0	0	0	0	0	0	0	0	0	0	0	0	0	0	0	0	0	0	0	0	0	0	0	0	0	0	0	0	67	99	114	126	133	130	130	128	107	99	67	196	240	243	241	243	243	243	245	244	246	247	247	247	239	241	77	135	107	114	97	101	224	76	160	70	97	85	109	110	106	100	94	87	90	158	156	155	157	153	151	113	31	55	62	53	56	132	88	113	113	106	153	117	114	55	133	152	149	146	146	146	147	155	156	164	160	130	135	137	139	136	141	145	144	143	140	140	136	137	137	136	128	128	117	105	82	55	39
0	0	0	0	0	0	0	0	0	0	0	0	0	0	0	0	0	0	0	0	0	0	0	0	0	0	0	0	0	0	0	0	0	0	0	0	0	0	0	0	0	0	0	0	0	0	0	0	0	0	0	0	0	0	0	0	0	0	0	0	0	0	0	0	0	0	0	0	0	0	0	0	0	0	0	0	0	0	0	0	0	0	0	0	0	0	0	0	0	0	0	0	0	0	0	0	0	0	0	0	0	0	0	0	0	0	0	0	0	0	0	0	0	0	0	0	0	0	0	0	0	0	0	0	0	0	0	0	0	0	0	0	0	0	0	0	0	0	0	0	0	0	0	0	0	0	0	0	0	0
0	0	0	0	0	0	0	0	0	0	0	0	0	0	0	0	0	0	0	0	0	0	0	0	0	0	0	0	0	0	0	0	0	0	0	0	0	0	0	0	0	0	0	0	0	0	0	0	0	0	0	0	0	0	0	0	0	0	0	0	0	0	0	0	0	0	0	0	0	0	0	0	0	0	0	0	0	0	0	0	0	0	0	0	0	0	0	0	0	0	0	0	0	0	0	0	0	0	0	0	0	0	0	0	0	0	0	0	0	0	0	0	0	0	0	0	0	0	0	0	0	0	0	0	0	0	0	0	0	0	0	0	0	0	0	0	0	0	0	0	0	0	0	0	0	0	0	0	0	0
0	0	0	0	0	0	0	0	0	0	0	0	0	0	0	0	0	0	0	0	0	0	0	0	0	0	0	0	0	0	0	0	0	0	0	0	0	0	0	0	0	0	0	0	0	0	0	0	0	0	0	0	0	0	0	0	0	0	0	0	0	0	0	0	0	0	0	0	0	0	0	0	0	0	0	0	0	0	0	0	0	0	0	0	0	0	0	0	0	0	0	0	0	0	0	0	0	0	0	0	0	0	0	0	0	0	0	0	0	0	0	0	0	0	0	0	0	0	0	0	0	0	0	0	0	0	0	0	0	0	0	0	0	0	0	0	0	0	0	0	0	0	0	0	0	0	0	0	0	0
0	0	0	0	0	0	0	0	0	0	0	0	0	0	0	0	0	0	0	0	0	0	0	0	0	0	0	0	0	0	0	0	0	0	0	0	0	0	0	0	0	0	0	0	0	0	0	0	0	0	0	0	0	0	0	0	0	0	0	0	0	0	0	0	0	0	0	0	0	0	0	0	0	0	0	0	0	0	0	0	0	0	0	0	0	0	0	0	0	0	0	0	0	0	0	0	0	0	0	0	0	0	0	0	0	0	0	0	0	0	0	0	0	0	0	0	0	0	0	0	0	0	0	0	0	0	0	0	0	0	0	0	0	0	0	0	0	0	0	0	0	0	0	0	0	0	0	0	0	0
0	0	0	0	0	0	0	0	0	0	0	0	0	0	0	0	0	0	0	0	0	0	0	0	0	0	0	0	0	0	0	0	0	0	0	0	0	0	0	0	0	0	0	0	0	0	0	0	0	0	0	0	0	0	0	0	0	0	0	0	0	0	0	0	0	0	0	0	0	0	0	0	0	0	0	0	0	0	0	0	0	0	0	0	0	0	0	0	0	0	0	0	0	0	0	0	0	0	0	0	0	0	0	0	0	0	0	0	0	0	0	0	0	0	0	0	0	0	0	0	0	0	0	0	0	0	0	0	0	0	0	0	0	0	0	0	0	0	0	0	0	0	0	0	0	0	0	0	0	0
0	0	0	0	0	0	0	0	0	0	0	0	0	0	0	0	0	0	0	0	0	0	0	0	0	0	0	0	0	0	0	0	0	0	0	0	0	0	0	0	0	0	0	0	0	0	0	0	0	0	0	0	0	0	0	0	0	0	0	0	0	0	0	0	0	0	0	0	0	0	0	0	0	0	0	0	0	0	0	0	0	0	0	0	0	0	0	0	0	0	0	0	0	0	0	0	0	0	0	0	0	0	0	0	0	0	0	0	0	0	0	0	0	0	0	0	0	0	0	0	0	0	0	0	0	0	0	0	0	0	0	0	0	0	0	0	0	0	0	0	0	0	0	0	0	0	0	0	0	0
0	0	0	0	0	0	0	0	0	0	0	0	0	0	0	0	0	0	0	0	0	0	0	0	0	0	0	0	0	0	0	0	0	0	0	0	0	0	0	0	0	0	0	0	0	0	0	0	0	0	0	0	0	0	0	0	0	0	0	0	0	0	0	0	0	0	0	0	0	0	0	0	0	0	0	0	0	0	0	0	0	0	0	0	0	0	0	0	0	0	0	0	0	0	0	0	0	0	0	0	0	0	0	0	0	0	0	0	0	0	0	0	0	0	0	0	0	0	0	0	0	0	0	0	0	0	0	0	0	0	0	0	0	0	0	0	0	0	0	0	0	0	0	0	0	0	0	0	0	0
0	0	0	0	0	0	0	0	0	0	0	0	0	0	0	0	0	0	0	0	0	0	0	0	0	0	0	0	0	0	0	0	0	0	0	0	0	0	0	0	0	0	0	0	0	0	0	0	0	0	0	0	0	0	0	0	0	0	0	0	0	0	0	0	0	0	0	0	0	0	0	0	0	0	0	0	0	0	0	0	0	0	0	0	0	0	0	0	0	0	0	0	0	0	0	0	0	0	0	0	0	0	0	0	0	0	0	0	0	0	0	0	0	0	0	0	0	0	0	0	0	0	0	0	0	0	0	0	0	0	0	0	0	0	0	0	0	0	0	0	0	0	0	0	0	0	0	0	0	0
0	0	0	0	0	0	0	0	0	0	0	0	0	0	0	0	0	0	0	0	0	0	0	0	0	0	0	0	0	0	0	0	0	0	0	0	0	0	0	0	0	0	0	0	0	0	0	0	0	0	0	0	0	0	0	0	0	0	0	0	0	0	0	0	0	0	0	0	0	0	0	0	0	0	0	0	0	0	0	0	0	0	0	0	0	0	0	0	0	0	0	0	0	0	0	0	0	0	0	0	0	0	0	0	0	0	0	0	0	0	0	0	0	0	0	0	0	0	0	0	0	0	0	0	0	0	0	0	0	0	0	0	0	0	0	0	0	0	0	0	0	0	0	0	0	0	0	0	0	0
0	0	0	0	0	0	0	0	0	0	0	0	0	0	0	0	0	0	0	0	0	0	0	0	0	0	0	0	0	0	0	0	0	0	0	0	0	0	0	0	0	0	0	0	0	0	0	0	0	0	0	0	0	0	0	0	0	0	0	0	0	0	0	0	0	0	0	0	0	0	0	0	0	0	0	0	0	0	0	0	0	0	0	0	0	0	0	0	0	0	0	0	0	0	0	0	0	0	0	0	0	0	0	0	0	0	0	0	0	0	0	0	0	0	0	0	0	0	0	0	0	0	0	0	0	0	0	0	0	0	0	0	0	0	0	0	0	0	0	0	0	0	0	0	0	0	0	0	0	0
0	0	0	0	0	0	0	0	0	0	0	0	0	0	0	0	0	0	0	0	0	0	0	0	0	0	0	0	0	0	0	0	0	0	0	0	0	0	0	0	0	0	0	0	0	0	0	0	0	0	0	0	0	0	0	0	0	0	0	0	0	0	0	0	0	0	0	0	0	0	0	0	0	0	0	0	0	0	0	0	0	0	0	0	0	0	0	0	0	0	0	0	0	0	0	0	0	0	0	0	0	0	0	0	0	0	0	0	0	0	0	0	0	0	0	0	0	0	0	0	0	0	0	0	0	0	0	0	0	0	0	0	0	0	0	0	0	0	0	0	0	0	0	0	0	0	0	0	0	0
0	0	0	0	0	0	0	0	0	0	0	0	0	0	0	0	0	0	0	0	0	0	0	0	0	0	0	0	0	0	0	0	0	0	0	0	0	0	0	0	0	0	0	0	0	0	0	0	0	0	0	0	0	0	0	0	0	0	0	0	0	0	0	0	0	0	0	0	0	0	0	0	0	0	0	0	0	0	0	0	0	0	0	0	0	0	0	0	0	0	0	0	0	0	0	0	0	0	0	0	0	0	0	0	0	0	0	0	0	0	0	0	0	0	0	0	0	0	0	0	0	0	0	0	0	0	0	0	0	0	0	0	0	0	0	0	0	0	0	0	0	0	0	0	0	0	0	0	0	0
0	0	0	0	0	0	0	0	0	0	0	0	0	0	0	0	0	0	0	0	0	0	0	0	0	0	0	0	0	0	0	0	0	0	0	0	0	0	0	0	0	0	0	0	0	0	0	0	0	0	0	0	0	0	0	0	0	0	0	0	0	0	0	0	0	0	0	0	0	0	0	0	0	0	0	0	0	0	0	0	0	0	0	0	0	0	0	0	0	0	0	0	0	0	0	0	0	0	0	0	0	0	0	0	0	0	0	0	0	0	0	0	0	0	0	0	0	0	0	0	0	0	0	0	0	0	0	0	0	0	0	0	0	0	0	0	0	0	0	0	0	0	0	0	0	0	0	0	0	0
0	0	0	0	0	0	0	0	0	0	0	0	0	0	0	0	0	0	0	0	0	0	0	0	0	0	0	0	0	0	0	0	0	0	0	0	0	0	0	0	0	0	0	0	0	0	0	0	0	0	0	0	0	0	0	0	0	0	0	0	0	0	0	0	0	0	0	0	0	0	0	0	0	0	0	0	0	0	0	0	0	0	0	0	0	0	0	0	0	0	0	0	0	0	0	0	0	0	0	0	0	0	0	0	0	0	0	0	0	0	0	0	0	0	0	0	0	0	0	0	0	0	0	0	0	0	0	0	0	0	0	0	0	0	0	0	0	0	0	0	0	0	0	0	0	0	0	0	0	0
0	0	0	0	0	0	0	0	0	0	0	0	0	0	0	0	0	0	0	0	0	0	0	0	0	0	0	0	0	0	0	0	0	0	0	0	0	0	0	0	0	0	0	0	0	0	0	0	0	0	0	0	0	0	0	0	0	0	0	0	0	0	0	0	0	0	0	0	0	0	0	0	0	0	0	0	0	0	0	0	0	0	0	0	0	0	0	0	0	0	0	0	0	0	0	0	0	0	0	0	0	0	0	0	0	0	0	0	0	0	0	0	0	0	0	0	0	0	0	0	0	0	0	0	0	0	0	0	0	0	0	0	0	0	0	0	0	0	0	0	0	0	0	0	0	0	0	0	0	0
0	0	0	0	0	0	0	0	0	0	0	0	0	0	0	0	0	0	0	0	0	0	0	0	0	0	0	0	0	0	0	0	0	0	0	0	0	0	0	0	0	0	0	0	0	0	0	0	0	0	0	0	0	0	0	0	0	0	0	0	0	0	0	0	0	0	0	0	0	0	0	0	0	0	0	0	0	0	0	0	0	0	0	0	0	0	0	0	0	0	0	0	0	0	0	0	0	0	0	0	0	0	0	0	0	0	0	0	0	0	0	0	0	0	0	0	0	0	0	0	0	0	0	0	0	0	0	0	0	0	0	0	0	0	0	0	0	0	0	0	0	0	0	0	0	0	0	0	0	0
0	0	0	0	0	0	0	0	0	0	0	0	0	0	0	0	0	0	0	0	0	0	0	0	0	0	0	0	0	0	0	0	0	0	0	0	0	0	0	0	0	0	0	0	0	0	0	0	0	0	0	0	0	0	0	0	0	0	0	0	0	0	0	0	0	0	0	0	0	0	0	0	0	0	0	0	0	0	0	0	0	0	0	0	0	0	0	0	0	0	0	0	0	0	0	0	0	0	0	0	0	0	0	0	0	0	0	0	0	0	0	0	0	0	0	0	0	0	0	0	0	0	0	0	0	0	0	0	0	0	0	0	0	0	0	0	0	0	0	0	0	0	0	0	0	0	0	0	0	0
0	0	0	0	0	0	0	0	0	0	0	0	0	0	0	0	0	0	0	0	0	0	0	0	0	0	0	0	0	0	0	0	0	0	0	0	0	0	0	0	0	0	0	0	0	0	0	0	0	0	0	0	0	0	0	0	0	0	0	0	0	0	0	0	0	0	0	0	0	0	0	0	0	0	0	0	0	0	0	0	0	0	0	0	0	0	0	0	0	0	0	0	0	0	0	0	0	0	0	0	0	0	0	0	0	0	0	0	0	0	0	0	0	0	0	0	0	0	0	0	0	0	0	0	0	0	0	0	0	0	0	0	0	0	0	0	0	0	0	0	0	0	0	0	0	0	0	0	0	0
0	0	0	0	0	0	0	0	0	0	0	0	0	0	0	0	0	0	0	0	0	0	0	0	0	0	0	0	0	0	0	0	0	0	0	0	0	0	0	0	0	0	0	0	0	0	0	0	0	0	0	0	0	0	0	0	0	0	0	0	0	0	0	0	0	0	0	0	0	0	0	0	0	0	0	0	0	0	0	0	0	0	0	0	0	0	0	0	0	0	0	0	0	0	0	0	0	0	0	0	0	0	0	0	0	0	0	0	0	0	0	0	0	0	0	0	0	0	0	0	0	0	0	0	0	0	0	0	0	0	0	0	0	0	0	0	0	0	0	0	0	0	0	0	0	0	0	0	0	0
0	0	0	0	0	0	0	0	0	0	0	0	0	0	0	0	0	0	0	0	0	0	0	0	0	0	0	0	0	0	0	0	0	0	0	0	0	0	0	0	0	0	0	0	0	0	0	0	0	0	0	0	0	0	0	0	0	0	0	0	0	0	0	0	0	0	0	0	0	0	0	0	0	0	0	0	0	0	0	0	0	0	0	0	0	0	0	0	0	0	0	0	0	0	0	0	0	0	0	0	0	0	0	0	0	0	0	0	0	0	0	0	0	0	0	0	0	0	0	0	0	0	0	0	0	0	0	0	0	0	0	0	0	0	0	0	0	0	0	0	0	0	0	0	0	0	0	0	0	0
0	0	0	0	0	0	0	0	0	0	0	0	0	0	0	0	0	0	0	0	0	0	0	0	0	0	0	0	0	0	0	0	0	0	0	0	0	0	0	0	0	0	0	0	0	0	0	0	0	0	0	0	0	0	0	0	0	0	0	0	0	0	0	0	0	0	0	0	0	0	0	0	0	0	0	0	0	0	0	0	0	0	0	0	0	0	0	0	0	0	0	0	0	0	0	0	0	0	0	0	0	0	0	0	0	0	0	0	0	0	0	0	0	0	0	0	0	0	0	0	0	0	0	0	0	0	0	0	0	0	0	0	0	0	0	0	0	0	0	0	0	0	0	0	0	0	0	0	0	0
0	0	0	0	0	0	0	0	0	0	0	0	0	0	0	0	0	0	0	0	0	0	0	0	0	0	0	0	0	0	0	0	0	0	0	0	0	0	0	0	0	0	0	0	0	0	0	0	0	0	0	0	0	0	0	0	0	0	0	0	0	0	0	0	0	0	0	0	0	0	0	0	0	0	0	0	0	0	0	0	0	0	0	0	0	0	0	0	0	0	0	0	0	0	0	0	0	0	0	0	0	0	0	0	0	0	0	0	0	0	0	0	0	0	0	0	0	0	0	0	0	0	0	0	0	0	0	0	0	0	0	0	0	0	0	0	0	0	0	0	0	0	0	0	0	0	0	0	0	0
0	0	0	0	0	0	0	0	0	0	0	0	0	0	0	0	0	0	0	0	0	0	0	0	0	0	0	0	0	0	0	0	0	0	0	0	0	0	0	0	0	0	0	0	0	0	0	0	0	0	0	0	0	0	0	0	0	0	0	0	0	0	0	0	0	0	0	0	0	0	0	0	0	0	0	0	0	0	0	0	0	0	0	0	0	0	0	0	0	0	0	0	0	0	0	0	0	0	0	0	0	0	0	0	0	0	0	0	0	0	0	0	0	0	0	0	0	0	0	0	0	0	0	0	0	0	0	0	0	0	0	0	0	0	0	0	0	0	0	0	0	0	0	0	0	0	0	0	0	0
0	0	0	0	0	0	0	0	0	0	0	0	0	0	0	0	0	0	0	0	0	0	0	0	0	0	0	0	0	0	0	0	0	0	0	0	0	0	0	0	0	0	0	0	0	0	0	0	0	0	0	0	0	0	0	0	0	0	0	0	0	0	0	0	0	0	0	0	0	0	0	0	0	0	0	0	0	0	0	0	0	0	0	0	0	0	0	0	0	0	0	0	0	0	0	0	0	0	0	0	0	0	0	0	0	0	0	0	0	0	0	0	0	0	0	0	0	0	0	0	0	0	0	0	0	0	0	0	0	0	0	0	0	0	0	0	0	0	0	0	0	0	0	0	0	0	0	0	0	0
0	0	0	0	0	0	0	0	0	0	0	0	0	0	0	0	0	0	0	0	0	0	0	0	0	0	0	0	0	0	0	0	0	0	0	0	0	0	0	0	0	0	0	0	0	0	0	0	0	0	0	0	0	0	0	0	0	0	0	0	0	0	0	0	0	0	0	0	0	0	0	0	0	0	0	0	0	0	0	0	0	0	0	0	0	0	0	0	0	0	0	0	0	0	0	0	0	0	0	0	0	0	0	0	0	0	0	0	0	0	0	0	0	0	0	0	0	0	0	0	0	0	0	0	0	0	0	0	0	0	0	0	0	0	0	0	0	0	0	0	0	0	0	0	0	0	0	0	0	0
0	0	0	0	0	0	0	0	0	0	0	0	0	0	0	0	0	0	0	0	0	0	0	0	0	0	0	0	0	0	0	0	0	0	0	0	0	0	0	0	0	0	0	0	0	0	0	0	0	0	0	0	0	0	0	0	0	0	0	0	0	0	0	0	0	0	0	0	0	0	0	0	0	0	0	0	0	0	0	0	0	0	0	0	0	0	0	0	0	0	0	0	0	0	0	0	0	0	0	0	0	0	0	0	0	0	0	0	0	0	0	0	0	0	0	0	0	0	0	0	0	0	0	0	0	0	0	0	0	0	0	0	0	0	0	0	0	0	0	0	0	0	0	0	0	0	0	0	0	0
0	0	0	0	0	0	0	0	0	0	0	0	0	0	0	0	0	0	0	0	0	0	0	0	0	0	0	0	0	0	0	0	0	0	0	0	0	0	0	0	0	0	0	0	0	0	0	0	0	0	0	0	0	0	0	0	0	0	0	0	0	0	0	0	0	0	0	0	0	0	0	0	0	0	0	0	0	0	0	0	0	0	0	0	0	0	0	0	0	0	0	0	0	0	0	0	0	0	0	0	0	0	0	0	0	0	0	0	0	0	0	0	0	0	0	0	0	0	0	0	0	0	0	0	0	0	0	0	0	0	0	0	0	0	0	0	0	0	0	0	0	0	0	0	0	0	0	0	0	0
0	0	0	0	0	0	0	0	0	0	0	0	0	0	0	0	0	0	0	0	0	0	0	0	0	0	0	0	0	0	0	0	0	0	0	0	0	0	0	0	0	0	0	0	0	0	0	0	0	0	0	0	0	0	0	0	0	0	0	0	0	0	0	0	0	0	0	0	0	0	0	0	0	0	0	0	0	0	0	0	0	0	0	0	0	0	0	0	0	0	0	0	0	0	0	0	0	0	0	0	0	0	0	0	0	0	0	0	0	0	0	0	0	0	0	0	0	0	0	0	0	0	0	0	0	0	0	0	0	0	0	0	0	0	0	0	0	0	0	0	0	0	0	0	0	0	0	0	0	0
0	0	0	0	0	0	0	0	0	0	0	0	0	0	0	0	0	0	0	0	0	0	0	0	0	0	0	0	0	0	0	0	0	0	0	0	0	0	0	0	0	0	0	0	0	0	0	0	0	0	0	0	0	0	0	0	0	0	0	0	0	0	0	0	0	0	0	0	0	0	0	0	0	0	0	0	0	0	0	0	0	0	0	0	0	0	0	0	0	0	0	0	0	0	0	0	0	0	0	0	0	0	0	0	0	0	0	0	0	0	0	0	0	0	0	0	0	0	0	0	0	0	0	0	0	0	0	0	0	0	0	0	0	0	0	0	0	0	0	0	0	0	0	0	0	0	0	0	0	0
0	0	0	0	0	0	0	0	0	0	0	0	0	0	0	0	0	0	0	0	0	0	0	0	0	0	0	0	0	0	0	0	0	0	0	0	0	0	0	0	0	0	0	0	0	0	0	0	0	0	0	0	0	0	0	0	0	0	0	0	0	0	0	0	0	0	0	0	0	0	0	0	0	0	0	0	0	0	0	0	0	0	0	0	0	0	0	0	0	0	0	0	0	0	0	0	0	0	0	0	0	0	0	0	0	0	0	0	0	0	0	0	0	0	0	0	0	0	0	0	0	0	0	0	0	0	0	0	0	0	0	0	0	0	0	0	0	0	0	0	0	0	0	0	0	0	0	0	0	0
0	0	0	0	0	0	0	0	0	0	0	0	0	0	0	0	0	0	0	0	0	0	0	0	0	0	0	0	0	0	0	0	0	0	0	0	0	0	0	0	0	0	0	0	0	0	0	0	0	0	0	0	0	0	0	0	0	0	0	0	0	0	0	0	0	0	0	0	0	0	0	0	0	0	0	0	0	0	0	0	0	0	0	0	0	0	0	0	0	0	0	0	0	0	0	0	0	0	0	0	0	0	0	0	0	0	0	0	0	0	0	0	0	0	0	0	0	0	0	0	0	0	0	0	0	0	0	0	0	0	0	0	0	0	0	0	0	0	0	0	0	0	0	0	0	0	0	0	0	0
0	0	0	0	0	0	0	0	0	0	0	0	0	0	0	0	0	0	0	0	0	0	0	0	0	0	0	0	0	0	0	0	0	0	0	0	0	0	0	0	0	0	0	0	0	0	0	0	0	0	0	0	0	0	0	0	0	0	0	0	0	0	0	0	0	0	0	0	0	0	0	0	0	0	0	0	0	0	0	0	0	0	0	0	0	0	0	0	0	0	0	0	0	0	0	0	0	0	0	0	0	0	0	0	0	0	0	0	0	0	0	0	0	0	0	0	0	0	0	0	0	0	0	0	0	0	0	0	0	0	0	0	0	0	0	0	0	0	0	0	0	0	0	0	0	0	0	0	0	0
0	0	0	0	0	0	0	0	0	0	0	0	0	0	0	0	0	0	0	0	0	0	0	0	0	0	0	0	0	0	0	0	0	0	0	0	0	0	0	0	0	0	0	0	0	0	0	0	0	0	0	0	0	0	0	0	0	0	0	0	0	0	0	0	0	0	0	0	0	0	0	0	0	0	0	0	0	0	0	0	0	0	0	0	0	0	0	0	0	0	0	0	0	0	0	0	0	0	0	0	0	0	0	0	0	0	0	0	0	0	0	0	0	0	0	0	0	0	0	0	0	0	0	0	0	0	0	0	0	0	0	0	0	0	0	0	0	0	0	0	0	0	0	0	0	0	0	0	0	0
0	0	0	0	0	0	0	0	0	0	0	0	0	0	0	0	0	0	0	0	0	0	0	0	0	0	0	0	0	0	0	0	0	0	0	0	0	0	0	0	0	0	0	0	0	0	0	0	0	0	0	0	0	0	0	0	0	0	0	0	0	0	0	0	0	0	0	0	0	0	0	0	0	0	0	0	0	0	0	0	0	0	0	0	0	0	0	0	0	0	0	0	0	0	0	0	0	0	0	0	0	0	0	0	0	0	0	0	0	0	0	0	0	0	0	0	0	0	0	0	0	0	0	0	0	0	0	0	0	0	0	0	0	0	0	0	0	0	0	0	0	0	0	0	0	0	0	0	0	0
0	0	0	0	0	0	0	0	0	0	0	0	0	0	0	0	0	0	0	0	0	0	0	0	0	0	0	0	0	0	0	0	0	0	0	0	0	0	0	0	0	0	0	0	0	0	0	0	0	0	0	0	0	0	0	0	0	0	0	0	0	0	0	0	0	0	0	0	0	0	0	0	0	0	0	0	0	0	0	0	0	0	0	0	0	0	0	0	0	0	0	0	0	0	0	0	0	0	0	0	0	0	0	0	0	0	0	0	0	0	0	0	0	0	0	0	0	0	0	0	0	0	0	0	0	0	0	0	0	0	0	0	0	0	0	0	0	0	0	0	0	0	0	0	0	0	0	0	0	0
0	0	0	0	0	0	0	0	0	0	0	0	0	0	0	0	0	0	0	0	0	0	0	0	0	0	0	0	0	0	0	0	0	0	0	0	0	0	0	0	0	0	0	0	0	0	0	0	0	0	0	0	0	0	0	0	0	0	0	0	0	0	0	0	0	0	0	0	0	0	0	0	0	0	0	0	0	0	0	0	0	0	0	0	0	0	0	0	0	0	0	0	0	0	0	0	0	0	0	0	0	0	0	0	0	0	0	0	0	0	0	0	0	0	0	0	0	0	0	0	0	0	0	0	0	0	0	0	0	0	0	0	0	0	0	0	0	0	0	0	0	0	0	0	0	0	0	0	0	0
0	0	0	0	0	0	0	0	0	0	0	0	0	0	0	0	0	0	0	0	0	0	0	0	0	0	0	0	0	0	0	0	0	0	0	0	0	0	0	0	0	0	0	0	0	0	0	0	0	0	0	0	0	0	0	0	0	0	0	0	0	0	0	0	0	0	0	0	0	0	0	0	0	0	0	0	0	0	0	0	0	0	0	0	0	0	0	0	0	0	0	0	0	0	0	0	0	0	0	0	0	0	0	0	0	0	0	0	0	0	0	0	0	0	0	0	0	0	0	0	0	0	0	0	0	0	0	0	0	0	0	0	0	0	0	0	0	0	0	0	0	0	0	0	0	0	0	0	0	0
0	0	0	0	0	0	0	0	0	0	0	0	0	0	0	0	0	0	0	0	0	0	0	0	0	0	0	0	0	0	0	0	0	0	0	0	0	0	0	0	0	0	0	0	0	0	0	0	0	0	0	0	0	0	0	0	0	0	0	0	0	0	0	0	0	0	0	0	0	0	0	0	0	0	0	0	0	0	0	0	0	0	0	0	0	0	0	0	0	0	0	0	0	0	0	0	0	0	0	0	0	0	0	0	0	0	0	0	0	0	0	0	0	0	0	0	0	0	0	0	0	0	0	0	0	0	0	0	0	0	0	0	0	0	0	0	0	0	0	0	0	0	0	0	0	0	0	0	0	0
0	0	0	0	0	0	0	0	0	0	0	0	0	0	0	0	0	0	0	0	0	0	0	0	0	0	0	0	0	0	0	0	0	0	0	0	0	0	0	0	0	0	0	0	0	0	0	0	0	0	0	0	0	0	0	0	0	0	0	0	0	0	0	0	0	0	0	0	0	0	0	0	0	0	0	0	0	0	0	0	0	0	0	0	0	0	0	0	0	0	0	0	0	0	0	0	0	0	0	0	0	0	0	0	0	0	0	0	0	0	0	0	0	0	0	0	0	0	0	0	0	0	0	0	0	0	0	0	0	0	0	0	0	0	0	0	0	0	0	0	0	0	0	0	0	0	0	0	0	0
0	0	0	0	0	0	0	0	0	0	0	0	0	0	0	0	0	0	0	0	0	0	0	0	0	0	0	0	0	0	0	0	0	0	0	0	0	0	0	0	0	0	0	0	0	0	0	0	0	0	0	0	0	0	0	0	0	0	0	0	0	0	0	0	0	0	0	0	0	0	0	0	0	0	0	0	0	0	0	0	0	0	0	0	0	0	0	0	0	0	0	0	0	0	0	0	0	0	0	0	0	0	0	0	0	0	0	0	0	0	0	0	0	0	0	0	0	0	0	0	0	0	0	0	0	0	0	0	0	0	0	0	0	0	0	0	0	0	0	0	0	0	0	0	0	0	0	0	0	0
0	0	0	0	0	0	0	0	0	0	0	0	0	0	0	0	0	0	0	0	0	0	0	0	0	0	0	0	0	0	0	0	0	0	0	0	0	0	0	0	0	0	0	0	0	0	0	0	0	0	0	0	0	0	0	0	0	0	0	0	0	0	0	0	0	0	0	0	0	0	0	0	0	0	0	0	0	0	0	0	0	0	0	0	0	0	0	0	0	0	0	0	0	0	0	0	0	0	0	0	0	0	0	0	0	0	0	0	0	0	0	0	0	0	0	0	0	0	0	0	0	0	0	0	0	0	0	0	0	0	0	0	0	0	0	0	0	0	0	0	0	0	0	0	0	0	0	0	0	0
0	0	0	0	0	0	0	0	0	0	0	0	0	0	0	0	0	0	0	0	0	0	0	0	0	0	0	0	0	0	0	0	0	0	0	0	0	0	0	0	0	0	0	0	0	0	0	0	0	0	0	0	0	0	0	0	0	0	0	0	0	0	0	0	0	0	0	0	0	0	0	0	0	0	0	0	0	0	0	0	0	0	0	0	0	0	0	0	0	0	0	0	0	0	0	0	0	0	0	0	0	0	0	0	0	0	0	0	0	0	0	0	0	0	0	0	0	0	0	0	0	0	0	0	0	0	0	0	0	0	0	0	0	0	0	0	0	0	0	0	0	0	0	0	0	0	0	0	0	0
0	0	0	0	0	0	0	0	0	0	0	0	0	0	0	0	0	0	0	0	0	0	0	0	0	0	0	0	0	0	0	0	0	0	0	0	0	0	0	0	0	0	0	0	0	0	0	0	0	0	0	0	0	0	0	0	0	0	0	0	0	0	0	0	0	0	0	0	0	0	0	0	0	0	0	0	0	0	0	0	0	0	0	0	0	0	0	0	0	0	0	0	0	0	0	0	0	0	0	0	0	0	0	0	0	0	0	0	0	0	0	0	0	0	0	0	0	0	0	0	0	0	0	0	0	0	0	0	0	0	0	0	0	0	0	0	0	0	0	0	0	0	0	0	0	0	0	0	0	0
0	0	0	0	0	0	0	0	0	0	0	0	0	0	0	0	0	0	0	0	0	0	0	0	0	0	0	0	0	0	0	0	0	0	0	0	0	0	0	0	0	0	0	0	0	0	0	0	0	0	0	0	0	0	0	0	0	0	0	0	0	0	0	0	0	0	0	0	0	0	0	0	0	0	0	0	0	0	0	0	0	0	0	0	0	0	0	0	0	0	0	0	0	0	0	0	0	0	0	0	0	0	0	0	0	0	0	0	0	0	0	0	0	0	0	0	0	0	0	0	0	0	0	0	0	0	0	0	0	0	0	0	0	0	0	0	0	0	0	0	0	0	0	0	0	0	0	0	0	0
0	0	0	0	0	0	0	0	0	0	0	0	0	0	0	0	0	0	0	0	0	0	0	0	0	0	0	0	0	0	0	0	0	0	0	0	0	0	0	0	0	0	0	0	0	0	0	0	0	0	0	0	0	0	0	0	0	0	0	0	0	0	0	0	0	0	0	0	0	0	0	0	0	0	0	0	0	0	0	0	0	0	0	0	0	0	0	0	0	0	0	0	0	0	0	0	0	0	0	0	0	0	0	0	0	0	0	0	0	0	0	0	0	0	0	0	0	0	0	0	0	0	0	0	0	0	0	0	0	0	0	0	0	0	0	0	0	0	0	0	0	0	0	0	0	0	0	0	0	0
0	0	0	0	0	0	0	0	0	0	0	0	0	0	0	0	0	0	0	0	0	0	0	0	0	0	0	0	0	0	0	0	0	0	0	0	0	0	0	0	0	0	0	0	0	0	0	0	0	0	0	0	0	0	0	0	0	0	0	0	0	0	0	0	0	0	0	0	0	0	0	0	0	0	0	0	0	0	0	0	0	0	0	0	0	0	0	0	0	0	0	0	0	0	0	0	0	0	0	0	0	0	0	0	0	0	0	0	0	0	0	0	0	0	0	0	0	0	0	0	0	0	0	0	0	0	0	0	0	0	0	0	0	0	0	0	0	0	0	0	0	0	0	0	0	0	0	0	0	0
0	0	0	0	0	0	0	0	0	0	0	0	0	0	0	0	0	0	0	0	0	0	0	0	0	0	0	0	0	0	0	0	0	0	0	0	0	0	0	0	0	0	0	0	0	0	0	0	0	0	0	0	0	0	0	0	0	0	0	0	0	0	0	0	0	0	0	0	0	0	0	0	0	0	0	0	0	0	0	0	0	0	0	0	0	0	0	0	0	0	0	0	0	0	0	0	0	0	0	0	0	0	0	0	0	0	0	0	0	0	0	0	0	0	0	0	0	0	0	0	0	0	0	0	0	0	0	0	0	0	0	0	0	0	0	0	0	0	0	0	0	0	0	0	0	0	0	0	0	0
0	0	0	0	0	0	0	0	0	0	0	0	0	0	0	0	0	0	0	0	0	0	0	0	0	0	0	0	0	0	0	0	0	0	0	0	0	0	0	0	0	0	0	0	0	0	0	0	0	0	0	0	0	0	0	0	0	0	0	0	0	0	0	0	0	0	0	0	0	0	0	0	0	0	0	0	0	0	0	0	0	0	0	0	0	0	0	0	0	0	0	0	0	0	0	0	0	0	0	0	0	0	0	0	0	0	0	0	0	0	0	0	0	0	0	0	0	0	0	0	0	0	0	0	0	0	0	0	0	0	0	0	0	0	0	0	0	0	0	0	0	0	0	0	0	0	0	0	0	0
0	0	0	0	0	0	0	0	0	0	0	0	0	0	0	0	0	0	0	0	0	0	0	0	0	0	0	0	0	0	0	0	0	0	0	0	0	0	0	0	0	0	0	0	0	0	0	0	0	0	0	0	0	0	0	0	0	0	0	0	0	0	0	0	0	0	0	0	0	0	0	0	0	0	0	0	0	0	0	0	0	0	0	0	0	0	0	0	0	0	0	0	0	0	0	0	0	0	0	0	0	0	0	0	0	0	0	0	0	0	0	0	0	0	0	0	0	0	0	0	0	0	0	0	0	0	0	0	0	0	0	0	0	0	0	0	0	0	0	0	0	0	0	0	0	0	0	0	0	0
0	0	0	0	0	0	0	0	0	0	0	0	0	0	0	0	0	0	0	0	0	0	0	0	0	0	0	0	0	0	0	0	0	0	0	0	0	0	0	0	0	0	0	0	0	0	0	0	0	0	0	0	0	0	0	0	0	0	0	0	0	0	0	0	0	0	0	0	0	0	0	0	0	0	0	0	0	0	0	0	0	0	0	0	0	0	0	0	0	0	0	0	0	0	0	0	0	0	0	0	0	0	0	0	0	0	0	0	0	0	0	0	0	0	0	0	0	0	0	0	0	0	0	0	0	0	0	0	0	0	0	0	0	0	0	0	0	0	0	0	0	0	0	0	0	0	0	0	0	0
0	0	0	0	0	0	0	0	0	0	0	0	0	0	0	0	0	0	0	0	0	0	0	0	0	0	0	0	0	0	0	0	0	0	0	0	0	0	0	0	0	0	0	0	0	0	0	0	0	0	0	0	0	0	0	0	0	0	0	0	0	0	0	0	0	0	0	0	0	0	0	0	0	0	0	0	0	0	0	0	0	0	0	0	0	0	0	0	0	0	0	0	0	0	0	0	0	0	0	0	0	0	0	0	0	0	0	0	0	0	0	0	0	0	0	0	0	0	0	0	0	0	0	0	0	0	0	0	0	0	0	0	0	0	0	0	0	0	0	0	0	0	0	0	0	0	0	0	0	0
0	0	0	0	0	0	0	0	0	0	0	0	0	0	0	0	0	0	0	0	0	0	0	0	0	0	0	0	0	0	0	0	0	0	0	0	0	0	0	0	0	0	0	0	0	0	0	0	0	0	0	0	0	0	0	0	0	0	0	0	0	0	0	0	0	0	0	0	0	0	0	0	0	0	0	0	0	0	0	0	0	0	0	0	0	0	0	0	0	0	0	0	0	0	0	0	0	0	0	0	0	0	0	0	0	0	0	0	0	0	0	0	0	0	0	0	0	0	0	0	0	0	0	0	0	0	0	0	0	0	0	0	0	0	0	0	0	0	0	0	0	0	0	0	0	0	0	0	0	0
0	0	0	0	0	0	0	0	0	0	0	0	0	0	0	0	0	0	0	0	0	0	0	0	0	0	0	0	0	0	0	0	0	0	0	0	0	0	0	0	0	0	0	0	0	0	0	0	0	0	0	0	0	0	0	0	0	0	0	0	0	0	0	0	0	0	0	0	0	0	0	0	0	0	0	0	0	0	0	0	0	0	0	0	0	0	0	0	0	0	0	0	0	0	0	0	0	0	0	0	0	0	0	0	0	0	0	0	0	0	0	0	0	0	0	0	0	0	0	0	0	0	0	0	0	0	0	0	0	0	0	0	0	0	0	0	0	0	0	0	0	0	0	0	0	0	0	0	0	0
0	0	0	0	0	0	0	0	0	0	0	0	0	0	0	0	0	0	0	0	0	0	0	0	0	0	0	0	0	0	0	0	0	0	0	0	0	0	0	0	0	0	0	0	0	0	0	0	0	0	0	0	0	0	0	0	0	0	0	0	0	0	0	0	0	0	0	0	0	0	0	0	0	0	0	0	0	0	0	0	0	0	0	0	0	0	0	0	0	0	0	0	0	0	0	0	0	0	0	0	0	0	0	0	0	0	0	0	0	0	0	0	0	0	0	0	0	0	0	0	0	0	0	0	0	0	0	0	0	0	0	0	0	0	0	0	0	0	0	0	0	0	0	0	0	0	0	0	0	0
0	0	0	0	0	0	0	0	0	0	0	0	0	0	0	0	0	0	0	0	0	0	0	0	0	0	0	0	0	0	0	0	0	0	0	0	0	0	0	0	0	0	0	0	0	0	0	0	0	0	0	0	0	0	0	0	0	0	0	0	0	0	0	0	0	0	0	0	0	0	0	0	0	0	0	0	0	0	0	0	0	0	0	0	0	0	0	0	0	0	0	0	0	0	0	0	0	0	0	0	0	0	0	0	0	0	0	0	0	0	0	0	0	0	0	0	0	0	0	0	0	0	0	0	0	0	0	0	0	0	0	0	0	0	0	0	0	0	0	0	0	0	0	0	0	0	0	0	0	0
0	0	0	0	0	0	0	0	0	0	0	0	0	0	0	0	0	0	0	0	0	0	0	0	0	0	0	0	0	0	0	0	0	0	0	0	0	0	0	0	0	0	0	0	0	0	0	0	0	0	0	0	0	0	0	0	0	0	0	0	0	0	0	0	0	0	0	0	0	0	0	0	0	0	0	0	0	0	0	0	0	0	0	0	0	0	0	0	0	0	0	0	0	0	0	0	0	0	0	0	0	0	0	0	0	0	0	0	0	0	0	0	0	0	0	0	0	0	0	0	0	0	0	0	0	0	0	0	0	0	0	0	0	0	0	0	0	0	0	0	0	0	0	0	0	0	0	0	0	0
