61,65c61,65
< 0	0	0	0	0	0	0	0	0	0	0	0	0	0	0	0	0	0	0	0	0	0	0	0	0	0	0	0	0	0	0	0	0	0	0	0	0	0	0	0	0	0	0	0	0	0	0	0	0	0	0	107	137	124	101	112	106	114	120	133	144	122	112	108	107	106	104	96	88	83	85	105	102	106	106	107	108	113	113	132	128	151	125	152	161	162	150	134	134	133	134	134	135	135	134	134	134	133	131	131	135	130	139	148	124	131	129	137	133	134	135	132	122	124	125	112	109	110	119	111	104	121	135	134	138	139	143	148	150	155	161	166	165	163	163	138	84	56	66	78	94	81	85	86	85	67	71	73	69	143
< 0	0	0	0	0	0	0	0	0	0	0	0	0	0	0	0	0	0	0	0	0	0	0	0	0	0	0	0	0	0	0	0	0	0	0	0	0	0	0	0	0	0	0	0	0	0	0	0	0	0	0	108	149	116	101	109	107	114	120	134	142	118	110	108	108	106	101	93	90	89	91	102	102	105	106	107	111	113	115	135	124	148	118	155	163	167	149	141	137	131	133	134	135	134	133	133	133	132	131	132	132	128	134	129	143	142	137	138	130	134	133	133	120	119	120	112	111	111	120	89	104	129	138	136	140	141	143	148	152	156	161	166	165	166	124	96	73	69	74	86	92	82	84	84	83	74	75	74	61	112
< 0	0	0	0	0	0	0	0	0	0	0	0	0	0	0	0	0	0	0	0	0	0	0	0	0	0	0	0	0	0	0	0	0	0	0	0	0	0	0	0	0	0	0	0	0	0	0	0	0	0	0	109	155	109	101	107	110	115	120	137	139	114	109	108	107	106	100	91	91	94	97	100	102	105	106	107	113	111	118	138	121	137	118	154	165	163	153	150	142	131	133	134	134	132	133	132	133	132	131	131	130	127	130	116	146	150	147	141	130	135	132	134	117	110	117	117	115	113	117	75	115	135	137	137	139	141	144	148	154	156	161	165	165	166	91	80	76	84	81	87	89	82	83	82	79	76	74	76	68	97
< 0	0	0	0	0	0	0	0	0	0	0	0	0	0	0	0	0	0	0	0	0	0	0	0	0	0	0	0	0	0	0	0	0	0	0	0	0	0	0	0	0	0	0	0	0	0	0	0	0	0	0	112	153	102	101	107	112	116	121	140	135	111	109	108	107	105	100	91	93	98	99	100	102	105	105	107	112	109	117	143	111	116	127	154	164	148	161	155	146	134	133	133	135	128	132	131	132	132	131	131	130	129	128	109	127	152	155	146	135	136	131	133	114	98	115	123	118	117	105	82	133	135	135	138	140	141	145	149	154	157	161	165	165	163	85	91	78	81	85	87	87	83	83	81	76	76	76	76	73	112
< 0	0	0	0	0	0	0	0	0	0	0	0	0	0	0	0	0	0	0	0	0	0	0	0	0	0	0	0	0	0	0	0	0	0	0	0	0	0	0	0	0	0	0	0	0	0	0	0	0	0	0	119	150	98	101	107	113	116	121	139	131	111	109	108	107	105	100	92	93	101	100	101	102	104	105	108	113	111	115	153	92	79	106	156	148	150	158	156	148	137	132	133	135	127	131	132	132	131	131	131	130	130	128	103	119	150	160	150	136	136	132	132	116	85	111	120	120	119	91	115	139	134	134	139	140	141	148	151	154	157	161	166	165	173	108	94	80	76	87	86	86	84	84	81	74	76	76	73	73	120
---
> 0	0	0	0	0	0	0	0	0	0	0	0	0	0	0	0	0	0	0	0	0	0	0	0	0	0	0	0	0	0	0	0	0	0	0	0	0	0	0	0	0	0	0	0	0	0	0	0	0	0	0	107	137	124	101	112	106	114	120	133	144	122	112	108	107	0	104	0	88	0	85	0	102	0	106	0	108	0	113	0	128	0	125	152	0	162	150	134	134	133	134	134	135	135	134	134	134	133	131	131	135	130	139	148	124	131	129	137	133	134	135	132	122	124	125	112	109	110	119	111	104	121	135	134	138	139	143	148	150	155	161	166	165	163	163	138	84	56	66	78	94	81	85	86	85	67	71	73	69	143
> 0	0	0	0	0	0	0	0	0	0	0	0	0	0	0	0	0	0	0	0	0	0	0	0	0	0	0	0	0	0	0	0	0	0	0	0	0	0	0	0	0	0	0	0	0	0	0	0	0	0	0	108	149	116	101	109	107	114	120	134	142	118	110	108	0	0	0	0	0	0	0	0	0	0	0	0	0	0	0	0	0	0	0	0	0	0	149	141	137	131	133	134	135	134	133	133	133	132	131	132	132	128	134	129	143	142	137	138	130	134	133	133	120	119	120	112	111	111	120	89	104	129	138	136	140	141	143	148	152	156	161	166	165	166	124	96	73	69	74	86	92	82	84	84	83	74	75	74	61	112
> 0	0	0	0	0	0	0	0	0	0	0	0	0	0	0	0	0	0	0	0	0	0	0	0	0	0	0	0	0	0	0	0	0	0	0	0	0	0	0	0	0	0	0	0	0	0	0	0	0	0	0	109	155	109	101	107	110	115	120	137	139	114	109	0	0	0	0	0	0	0	0	0	0	0	0	0	0	0	0	0	0	0	0	0	0	0	0	150	142	131	133	134	134	132	133	132	133	132	131	131	130	127	130	116	146	150	147	141	130	135	132	134	117	110	117	117	115	113	117	75	115	135	137	137	139	141	144	148	154	156	161	165	165	166	91	80	76	84	81	87	89	82	83	82	79	76	74	76	68	97
> 0	0	0	0	0	0	0	0	0	0	0	0	0	0	0	0	0	0	0	0	0	0	0	0	0	0	0	0	0	0	0	0	0	0	0	0	0	0	0	0	0	0	0	0	0	0	0	0	0	0	0	112	153	102	101	107	112	116	121	140	135	111	109	108	0	0	0	0	0	0	0	0	0	0	0	0	0	0	0	0	0	0	0	0	0	0	161	155	146	134	133	133	135	128	132	131	132	132	131	131	130	129	128	109	127	152	155	146	135	136	131	133	114	98	115	123	118	117	105	82	133	135	135	138	140	141	145	149	154	157	161	165	165	163	85	91	78	81	85	87	87	83	83	81	76	76	76	76	73	112
> 0	0	0	0	0	0	0	0	0	0	0	0	0	0	0	0	0	0	0	0	0	0	0	0	0	0	0	0	0	0	0	0	0	0	0	0	0	0	0	0	0	0	0	0	0	0	0	0	0	0	0	119	150	98	101	107	113	116	121	139	131	111	109	108	107	0	100	0	93	0	100	0	102	0	105	0	113	0	115	0	92	0	106	156	0	150	158	156	148	137	132	133	135	127	131	132	132	131	131	131	130	130	128	103	119	150	160	150	136	136	132	132	116	85	111	120	120	119	91	115	139	134	134	139	140	141	148	151	154	157	161	166	165	173	108	94	80	76	87	86	86	84	84	81	74	76	76	73	73	120
67,71c67,71
< 0	0	0	0	0	0	0	0	0	0	0	0	0	0	0	0	0	0	0	0	0	0	0	0	0	0	0	0	0	0	0	0	0	0	0	0	0	0	0	0	0	0	0	0	0	0	0	0	0	0	0	131	133	97	102	107	113	117	121	133	122	110	108	107	106	103	97	91	93	102	100	99	103	104	105	109	113	112	141	81	61	92	148	147	149	150	153	158	151	142	135	133	133	128	131	131	131	131	131	130	128	130	134	90	132	144	152	153	146	135	134	126	115	74	113	97	118	104	104	147	134	136	139	141	142	143	149	153	155	159	162	165	165	170	160	73	82	78	85	85	82	84	84	82	74	76	77	72	71	123
< 0	0	0	0	0	0	0	0	0	0	0	0	0	0	0	0	0	0	0	0	0	0	0	0	0	0	0	0	0	0	0	0	0	0	0	0	0	0	0	0	0	0	0	0	0	0	0	0	0	0	0	136	120	101	101	107	113	118	121	127	118	109	108	107	105	102	96	90	94	102	100	99	104	104	105	109	112	113	152	52	109	187	203	184	136	148	154	158	153	145	136	132	131	129	131	132	131	131	131	129	128	129	136	87	134	140	148	154	157	134	129	123	104	73	119	101	106	103	122	137	135	138	140	142	143	145	148	153	154	159	162	165	165	164	171	93	81	79	85	88	82	84	84	83	74	77	78	76	75	127
< 0	0	0	0	0	0	0	0	0	0	0	0	0	0	0	0	0	0	0	0	0	0	0	0	0	0	0	0	0	0	0	0	0	0	0	0	0	0	0	0	0	0	0	0	0	0	0	0	0	0	0	142	112	105	101	107	113	117	121	122	114	108	107	106	105	102	95	88	94	102	101	100	104	104	105	109	113	115	136	59	232	247	246	242	149	141	152	154	152	146	140	133	131	130	130	132	131	131	131	129	127	128	127	89	134	138	144	152	168	132	120	120	90	72	125	126	83	113	132	130	138	137	136	145	145	146	148	153	156	159	163	165	166	164	165	142	80	78	84	91	86	84	84	83	77	78	78	79	86	131
< 0	0	0	0	0	0	0	0	0	0	0	0	0	0	0	0	0	0	0	0	0	0	0	0	0	0	0	0	0	0	0	0	0	0	0	0	0	0	0	0	0	0	0	0	0	0	0	0	0	0	0	149	106	105	101	108	113	116	120	120	112	106	107	106	104	101	95	89	96	102	102	102	104	104	106	108	113	118	100	159	247	245	247	234	206	120	153	150	149	147	142	135	132	129	132	130	131	131	131	130	128	128	116	108	138	135	141	145	156	127	112	109	91	71	125	132	82	123	131	135	138	139	135	145	146	147	149	153	156	160	163	165	165	163	155	160	95	77	84	91	89	84	84	83	79	78	79	80	93	131
< 0	0	0	0	0	0	0	0	0	0	0	0	0	0	0	0	0	0	0	0	0	0	0	0	0	0	0	0	0	0	0	0	0	0	0	0	0	0	0	0	0	0	0	0	0	0	0	0	0	0	0	151	100	103	102	108	113	116	120	117	109	106	106	105	103	100	95	91	97	102	103	103	104	105	106	109	112	116	89	219	249	246	244	217	209	121	153	150	151	147	144	140	134	128	133	128	131	131	131	131	130	128	109	133	142	134	138	137	135	120	108	95	102	71	120	118	99	125	129	136	137	140	138	145	146	147	149	153	157	160	163	164	165	161	156	164	117	77	85	91	90	85	84	82	80	78	82	80	99	131
---
> 0	0	0	0	0	0	0	0	0	0	0	0	0	0	0	0	0	0	0	0	0	0	0	0	0	0	0	0	0	0	0	0	0	0	0	0	0	0	0	0	0	0	0	0	0	0	0	0	0	0	0	131	133	97	102	107	113	117	121	133	122	110	108	107	106	0	97	0	93	0	100	0	103	0	105	0	113	0	141	0	61	0	148	147	0	150	153	158	151	142	135	133	133	128	131	131	131	131	131	130	128	130	134	90	132	144	152	153	146	135	134	126	115	74	113	97	118	104	104	147	134	136	139	141	142	143	149	153	155	159	162	165	165	170	160	73	82	78	85	85	82	84	84	82	74	76	77	72	71	123
> 0	0	0	0	0	0	0	0	0	0	0	0	0	0	0	0	0	0	0	0	0	0	0	0	0	0	0	0	0	0	0	0	0	0	0	0	0	0	0	0	0	0	0	0	0	0	0	0	0	0	0	136	120	101	101	107	113	118	121	127	118	109	108	107	0	0	0	0	0	0	0	0	0	0	0	0	0	0	0	0	0	0	0	0	0	0	154	158	153	145	136	132	131	129	131	132	131	131	131	129	128	129	136	87	134	140	148	154	157	134	129	123	104	73	119	101	106	103	122	137	135	138	140	142	143	145	148	153	154	159	162	165	165	164	171	93	81	79	85	88	82	84	84	83	74	77	78	76	75	127
> 0	0	0	0	0	0	0	0	0	0	0	0	0	0	0	0	0	0	0	0	0	0	0	0	0	0	0	0	0	0	0	0	0	0	0	0	0	0	0	0	0	0	0	0	0	0	0	0	0	0	0	142	112	105	101	107	113	117	121	122	114	108	107	0	0	0	0	0	0	0	0	0	0	0	0	0	0	0	0	0	0	0	0	0	0	0	0	154	152	146	140	133	131	130	130	132	131	131	131	129	127	128	127	89	134	138	144	152	168	132	120	120	90	72	125	126	83	113	132	130	138	137	136	145	145	146	148	153	156	159	163	165	166	164	165	142	80	78	84	91	86	84	84	83	77	78	78	79	86	131
> 0	0	0	0	0	0	0	0	0	0	0	0	0	0	0	0	0	0	0	0	0	0	0	0	0	0	0	0	0	0	0	0	0	0	0	0	0	0	0	0	0	0	0	0	0	0	0	0	0	0	0	149	106	105	101	108	113	116	120	120	112	106	107	106	0	0	0	0	0	0	0	0	0	0	0	0	0	0	0	0	0	0	0	0	0	0	153	150	149	147	142	135	132	129	132	130	131	131	131	130	128	128	116	108	138	135	141	145	156	127	112	109	91	71	125	132	82	123	131	135	138	139	135	145	146	147	149	153	156	160	163	165	165	163	155	160	95	77	84	91	89	84	84	83	79	78	79	80	93	131
> 0	0	0	0	0	0	0	0	0	0	0	0	0	0	0	0	0	0	0	0	0	0	0	0	0	0	0	0	0	0	0	0	0	0	0	0	0	0	0	0	0	0	0	0	0	0	0	0	0	0	0	151	100	103	102	108	113	116	120	117	109	106	106	105	103	0	95	0	97	0	103	0	104	0	106	0	112	0	89	0	249	0	244	217	0	121	153	150	151	147	144	140	134	128	133	128	131	131	131	131	130	128	109	133	142	134	138	137	135	120	108	95	102	71	120	118	99	125	129	136	137	140	138	145	146	147	149	153	157	160	163	164	165	161	156	164	117	77	85	91	90	85	84	82	80	78	82	80	99	131
73,77c73,77
< 0	0	0	0	0	0	0	0	0	0	0	0	0	0	0	0	0	0	0	0	0	0	0	0	0	0	0	0	0	0	0	0	0	0	0	0	0	0	0	0	0	0	0	0	0	0	0	0	0	0	0	132	100	98	102	109	114	115	120	112	108	106	105	103	101	99	95	96	100	101	104	105	105	106	107	107	108	96	187	245	247	247	244	249	75	198	114	160	155	148	146	153	138	130	129	129	131	132	132	132	125	128	100	144	140	133	134	131	85	123	127	79	123	83	100	99	132	126	130	132	143	142	145	145	150	140	149	152	157	162	163	164	164	162	162	162	162	87	81	91	88	85	84	79	81	71	78	81	114	132
< 0	0	0	0	0	0	0	0	0	0	0	0	0	0	0	0	0	0	0	0	0	0	0	0	0	0	0	0	0	0	0	0	0	0	0	0	0	0	0	0	0	0	0	0	0	0	0	0	0	0	0	120	98	100	103	110	114	115	117	109	107	106	105	103	99	99	95	97	100	102	104	104	105	107	111	113	112	105	231	244	247	247	246	248	143	112	82	152	153	146	150	156	138	130	129	129	131	132	132	132	127	123	104	140	138	132	133	131	76	101	120	77	125	97	79	117	132	125	129	128	139	142	143	149	149	145	149	152	157	162	163	164	164	163	162	162	161	115	61	84	87	85	82	84	81	75	80	84	118	133
< 0	0	0	0	0	0	0	0	0	0	0	0	0	0	0	0	0	0	0	0	0	0	0	0	0	0	0	0	0	0	0	0	0	0	0	0	0	0	0	0	0	0	0	0	0	0	0	0	0	0	0	110	96	101	103	111	114	115	115	107	107	105	105	102	98	98	95	98	100	102	104	104	105	109	114	119	88	154	248	246	247	247	247	246	207	53	130	139	157	148	151	156	138	129	128	129	132	132	132	132	127	116	109	137	135	133	133	131	70	85	103	84	127	94	89	133	130	124	127	131	136	141	141	150	147	149	150	153	157	163	163	164	164	163	162	162	157	142	68	87	87	85	81	87	80	79	84	89	121	133
< 0	0	0	0	0	0	0	0	0	0	0	0	0	0	0	0	0	0	0	0	0	0	0	0	0	0	0	0	0	0	0	0	0	0	0	0	0	0	0	0	0	0	0	0	0	0	0	0	0	0	0	102	95	101	103	112	114	115	112	107	107	105	104	101	97	98	96	99	101	102	104	103	105	111	113	120	69	210	251	247	247	247	249	246	246	68	172	122	158	152	151	154	141	128	128	129	132	132	132	132	127	111	114	133	133	133	134	131	71	79	85	100	127	88	110	140	128	125	128	131	137	142	141	150	144	152	150	153	158	163	163	164	165	163	162	162	155	160	98	91	85	85	81	86	81	81	89	96	125	133
< 0	0	0	0	0	0	0	0	0	0	0	0	0	0	0	0	0	0	0	0	0	0	0	0	0	0	0	0	0	0	0	0	0	0	0	0	0	0	0	0	0	0	0	0	0	0	0	0	0	0	0	98	95	100	105	112	113	115	110	106	106	105	104	101	97	97	97	99	101	104	104	101	105	112	112	109	81	247	249	248	248	248	249	249	248	169	147	106	154	155	148	149	150	130	128	131	132	132	132	132	125	110	120	131	133	133	134	131	82	82	74	125	127	88	123	135	125	127	128	123	145	145	142	147	138	154	150	153	158	163	163	164	165	163	162	162	155	164	143	94	79	83	81	82	83	80	96	104	128	133
---
> 0	0	0	0	0	0	0	0	0	0	0	0	0	0	0	0	0	0	0	0	0	0	0	0	0	0	0	0	0	0	0	0	0	0	0	0	0	0	0	0	0	0	0	0	0	0	0	0	0	0	0	132	100	98	102	109	114	115	120	112	108	106	105	103	101	0	95	0	100	0	104	0	105	0	107	0	108	0	187	0	247	0	244	249	0	198	114	160	155	148	146	153	138	130	129	129	131	132	132	132	125	128	100	144	140	133	134	131	85	123	127	79	123	83	100	99	132	126	130	132	143	142	145	145	150	140	149	152	157	162	163	164	164	162	162	162	162	87	81	91	88	85	84	79	81	71	78	81	114	132
> 0	0	0	0	0	0	0	0	0	0	0	0	0	0	0	0	0	0	0	0	0	0	0	0	0	0	0	0	0	0	0	0	0	0	0	0	0	0	0	0	0	0	0	0	0	0	0	0	0	0	0	120	98	100	103	110	114	115	117	109	107	106	105	103	0	0	0	0	0	0	0	0	0	0	0	0	0	0	0	0	0	0	0	0	0	0	82	152	153	146	150	156	138	130	129	129	131	132	132	132	127	123	104	140	138	132	133	131	76	101	120	77	125	97	79	117	132	125	129	128	139	142	143	149	149	145	149	152	157	162	163	164	164	163	162	162	161	115	61	84	87	85	82	84	81	75	80	84	118	133
> 0	0	0	0	0	0	0	0	0	0	0	0	0	0	0	0	0	0	0	0	0	0	0	0	0	0	0	0	0	0	0	0	0	0	0	0	0	0	0	0	0	0	0	0	0	0	0	0	0	0	0	110	96	101	103	111	114	115	115	107	107	105	105	0	0	0	0	0	0	0	0	0	0	0	0	0	0	0	0	0	0	0	0	0	0	0	0	139	157	148	151	156	138	129	128	129	132	132	132	132	127	116	109	137	135	133	133	131	70	85	103	84	127	94	89	133	130	124	127	131	136	141	141	150	147	149	150	153	157	163	163	164	164	163	162	162	157	142	68	87	87	85	81	87	80	79	84	89	121	133
> 0	0	0	0	0	0	0	0	0	0	0	0	0	0	0	0	0	0	0	0	0	0	0	0	0	0	0	0	0	0	0	0	0	0	0	0	0	0	0	0	0	0	0	0	0	0	0	0	0	0	0	102	95	101	103	112	114	115	112	107	107	105	104	101	0	0	0	0	0	0	0	0	0	0	0	0	0	0	0	0	0	0	0	0	0	0	172	122	158	152	151	154	141	128	128	129	132	132	132	132	127	111	114	133	133	133	134	131	71	79	85	100	127	88	110	140	128	125	128	131	137	142	141	150	144	152	150	153	158	163	163	164	165	163	162	162	155	160	98	91	85	85	81	86	81	81	89	96	125	133
> 0	0	0	0	0	0	0	0	0	0	0	0	0	0	0	0	0	0	0	0	0	0	0	0	0	0	0	0	0	0	0	0	0	0	0	0	0	0	0	0	0	0	0	0	0	0	0	0	0	0	0	98	95	100	105	112	113	115	110	106	106	105	104	101	97	0	97	0	101	0	104	0	105	0	112	0	81	0	249	0	248	0	249	249	0	169	147	106	154	155	148	149	150	130	128	131	132	132	132	132	125	110	120	131	133	133	134	131	82	82	74	125	127	88	123	135	125	127	128	123	145	145	142	147	138	154	150	153	158	163	163	164	165	163	162	162	155	164	143	94	79	83	81	82	83	80	96	104	128	133
79,83c79,83
< 0	0	0	0	0	0	0	0	0	0	0	0	0	0	0	0	0	0	0	0	0	0	0	0	0	0	0	0	0	0	0	0	0	0	0	0	0	0	0	0	0	0	0	0	0	0	0	0	0	0	0	99	98	101	109	114	114	113	108	105	105	104	101	100	95	97	99	100	103	104	104	103	106	109	103	80	192	245	250	250	249	248	248	249	246	240	33	161	138	157	141	149	161	151	134	134	134	132	132	132	121	110	123	130	134	133	134	131	108	75	111	140	106	82	90	125	122	127	111	126	161	148	143	130	94	149	150	153	159	163	163	164	165	163	162	162	158	151	146	141	103	78	84	84	83	71	106	117	132	133
< 0	0	0	0	0	0	0	0	0	0	0	0	0	0	0	0	0	0	0	0	0	0	0	0	0	0	0	0	0	0	0	0	0	0	0	0	0	0	0	0	0	0	0	0	0	0	0	0	0	0	0	99	99	103	110	115	114	111	108	105	104	103	101	100	95	98	99	100	104	105	106	105	102	102	99	108	143	230	252	250	250	249	249	247	247	241	77	175	127	159	142	152	160	162	141	136	134	132	132	132	116	107	124	130	135	133	134	131	102	78	129	131	95	70	83	121	120	123	109	149	150	144	144	117	78	148	149	153	159	163	163	164	165	163	163	162	158	149	143	154	130	86	83	85	84	72	104	117	133	133
< 0	0	0	0	0	0	0	0	0	0	0	0	0	0	0	0	0	0	0	0	0	0	0	0	0	0	0	0	0	0	0	0	0	0	0	0	0	0	0	0	0	0	0	0	0	0	0	0	0	0	0	99	98	102	111	117	115	110	107	104	103	102	101	99	94	98	99	101	104	106	107	106	95	90	102	129	50	199	254	250	251	249	252	246	246	250	154	144	107	158	145	156	159	169	149	139	134	132	132	132	107	104	128	130	135	133	134	131	86	94	134	121	88	58	82	116	117	118	119	165	125	135	146	103	76	149	148	153	159	163	163	164	164	163	164	162	158	150	148	151	152	105	81	87	85	77	98	115	134	132
< 0	0	0	0	0	0	0	0	0	0	0	0	0	0	0	0	0	0	0	0	0	0	0	0	0	0	0	0	0	0	0	0	0	0	0	0	0	0	0	0	0	0	0	0	0	0	0	0	0	0	0	100	97	100	112	117	118	109	107	105	104	102	101	100	94	98	99	101	104	106	107	106	87	69	125	93	18	133	254	250	252	250	251	248	252	251	228	58	79	148	147	157	164	167	151	141	135	133	131	132	100	104	132	130	133	133	133	131	68	118	124	112	85	49	86	111	111	114	139	148	92	127	149	89	86	150	149	154	160	163	162	164	164	163	164	163	157	153	149	150	152	133	84	90	86	82	93	112	136	132
< 0	0	0	0	0	0	0	0	0	0	0	0	0	0	0	0	0	0	0	0	0	0	0	0	0	0	0	0	0	0	0	0	0	0	0	0	0	0	0	0	0	0	0	0	0	0	0	0	0	0	0	107	96	100	112	133	114	108	107	104	102	102	102	102	94	99	99	99	104	100	103	99	104	58	118	128	39	55	243	251	250	252	249	248	246	251	245	34	130	130	146	158	165	165	155	145	138	133	129	132	100	114	131	130	131	126	129	123	79	117	124	93	80	61	92	96	114	113	163	113	91	125	152	95	101	144	150	154	160	163	163	164	164	164	163	163	157	155	152	148	147	148	123	96	74	83	103	124	133	131
---
> 0	0	0	0	0	0	0	0	0	0	0	0	0	0	0	0	0	0	0	0	0	0	0	0	0	0	0	0	0	0	0	0	0	0	0	0	0	0	0	0	0	0	0	0	0	0	0	0	0	0	0	99	98	101	109	114	114	113	108	105	105	104	101	100	95	0	99	0	103	0	104	0	106	0	103	0	192	0	250	0	249	0	248	249	0	240	33	161	138	157	141	149	161	151	134	134	134	132	132	132	121	110	123	130	134	133	134	131	108	75	111	140	106	82	90	125	122	127	111	126	161	148	143	130	94	149	150	153	159	163	163	164	165	163	162	162	158	151	146	141	103	78	84	84	83	71	106	117	132	133
> 0	0	0	0	0	0	0	0	0	0	0	0	0	0	0	0	0	0	0	0	0	0	0	0	0	0	0	0	0	0	0	0	0	0	0	0	0	0	0	0	0	0	0	0	0	0	0	0	0	0	0	99	99	103	110	115	114	111	108	105	104	103	101	100	0	0	0	0	0	0	0	0	0	0	0	0	0	0	0	0	0	0	0	0	0	0	77	175	127	159	142	152	160	162	141	136	134	132	132	132	116	107	124	130	135	133	134	131	102	78	129	131	95	70	83	121	120	123	109	149	150	144	144	117	78	148	149	153	159	163	163	164	165	163	163	162	158	149	143	154	130	86	83	85	84	72	104	117	133	133
> 0	0	0	0	0	0	0	0	0	0	0	0	0	0	0	0	0	0	0	0	0	0	0	0	0	0	0	0	0	0	0	0	0	0	0	0	0	0	0	0	0	0	0	0	0	0	0	0	0	0	0	99	98	102	111	117	115	110	107	104	103	102	101	0	0	0	0	0	0	0	0	0	0	0	0	0	0	0	0	0	0	0	0	0	0	0	0	144	107	158	145	156	159	169	149	139	134	132	132	132	107	104	128	130	135	133	134	131	86	94	134	121	88	58	82	116	117	118	119	165	125	135	146	103	76	149	148	153	159	163	163	164	164	163	164	162	158	150	148	151	152	105	81	87	85	77	98	115	134	132
> 0	0	0	0	0	0	0	0	0	0	0	0	0	0	0	0	0	0	0	0	0	0	0	0	0	0	0	0	0	0	0	0	0	0	0	0	0	0	0	0	0	0	0	0	0	0	0	0	0	0	0	100	97	100	112	117	118	109	107	105	104	102	101	100	0	0	0	0	0	0	0	0	0	0	0	0	0	0	0	0	0	0	0	0	0	0	228	58	79	148	147	157	164	167	151	141	135	133	131	132	100	104	132	130	133	133	133	131	68	118	124	112	85	49	86	111	111	114	139	148	92	127	149	89	86	150	149	154	160	163	162	164	164	163	164	163	157	153	149	150	152	133	84	90	86	82	93	112	136	132
> 0	0	0	0	0	0	0	0	0	0	0	0	0	0	0	0	0	0	0	0	0	0	0	0	0	0	0	0	0	0	0	0	0	0	0	0	0	0	0	0	0	0	0	0	0	0	0	0	0	0	0	107	96	100	112	133	114	108	107	104	102	102	102	102	94	0	99	0	104	0	103	0	104	0	118	0	39	0	243	0	250	0	249	248	0	251	245	34	130	130	146	158	165	165	155	145	138	133	129	132	100	114	131	130	131	126	129	123	79	117	124	93	80	61	92	96	114	113	163	113	91	125	152	95	101	144	150	154	160	163	163	164	164	164	163	163	157	155	152	148	147	148	123	96	74	83	103	124	133	131
85,89c85,89
< 0	0	0	0	0	0	0	0	0	0	0	0	0	0	0	0	0	0	0	0	0	0	0	0	0	0	0	0	0	0	0	0	0	0	0	0	0	0	0	0	0	0	0	0	0	0	0	0	0	0	0	113	98	101	124	132	111	108	106	103	100	103	104	100	93	99	99	98	103	107	109	100	99	121	105	152	89	46	117	248	253	247	249	248	247	251	247	78	182	100	153	156	166	164	159	154	146	129	138	121	111	129	128	131	129	111	126	76	110	116	108	80	63	72	69	88	74	170	127	101	95	140	154	98	125	150	150	154	161	163	163	164	164	164	164	163	159	157	154	147	146	147	145	137	81	68	116	132	130	129
< 0	0	0	0	0	0	0	0	0	0	0	0	0	0	0	0	0	0	0	0	0	0	0	0	0	0	0	0	0	0	0	0	0	0	0	0	0	0	0	0	0	0	0	0	0	0	0	0	0	0	0	117	101	102	135	128	111	108	106	102	100	104	107	103	93	98	100	100	103	109	105	116	83	132	143	115	100	74	27	241	251	247	249	249	249	251	243	154	148	109	158	159	164	164	160	157	149	129	139	114	119	131	128	131	129	103	115	71	123	118	90	80	58	80	65	93	97	162	87	98	72	140	161	100	135	155	149	154	161	163	163	164	163	165	164	164	159	157	154	147	147	145	144	136	122	72	121	134	130	128
< 0	0	0	0	0	0	0	0	0	0	0	0	0	0	0	0	0	0	0	0	0	0	0	0	0	0	0	0	0	0	0	0	0	0	0	0	0	0	0	0	0	0	0	0	0	0	0	0	0	0	0	119	105	105	147	124	109	107	105	102	101	104	112	111	93	98	99	100	104	112	110	97	133	118	137	113	97	90	12	196	249	250	249	248	249	251	243	213	93	116	156	157	163	165	161	160	153	137	133	113	123	127	131	131	127	99	93	101	128	117	72	84	65	81	61	81	124	135	83	96	79	150	157	105	143	153	149	154	162	163	163	165	164	165	164	164	159	157	154	148	147	145	143	128	144	107	127	133	130	128
< 0	0	0	0	0	0	0	0	0	0	0	0	0	0	0	0	0	0	0	0	0	0	0	0	0	0	0	0	0	0	0	0	0	0	0	0	0	0	0	0	0	0	0	0	0	0	0	0	0	0	0	122	110	109	155	123	108	105	104	104	104	109	122	120	93	98	99	100	102	109	118	86	139	133	119	120	104	99	32	122	250	251	249	249	251	253	245	241	48	147	140	150	162	164	162	162	156	142	131	111	118	119	125	122	114	96	82	121	129	111	60	85	72	81	59	94	110	109	85	92	92	156	157	111	147	150	149	154	162	163	163	164	164	165	164	164	159	157	155	149	148	146	142	130	147	130	132	133	129	127
< 0	0	0	0	0	0	0	0	0	0	0	0	0	0	0	0	0	0	0	0	0	0	0	0	0	0	0	0	0	0	0	0	0	0	0	0	0	0	0	0	0	0	0	0	0	0	0	0	0	0	0	124	115	114	158	124	107	104	103	105	109	117	132	128	93	98	99	100	102	103	118	91	118	148	105	126	117	104	61	50	250	251	249	249	251	254	247	247	26	193	111	147	161	164	163	162	158	146	133	106	109	110	112	107	98	91	80	120	127	98	58	81	76	81	64	123	80	89	88	89	97	158	161	117	148	148	149	154	162	163	163	165	165	165	164	164	159	157	155	149	148	146	141	136	142	141	135	133	128	126
---
> 0	0	0	0	0	0	0	0	0	0	0	0	0	0	0	0	0	0	0	0	0	0	0	0	0	0	0	0	0	0	0	0	0	0	0	0	0	0	0	0	0	0	0	0	0	0	0	0	0	0	0	113	98	101	124	132	111	108	106	103	100	103	104	100	93	0	99	0	103	0	109	0	99	0	105	0	89	0	117	0	253	0	249	248	0	251	247	78	182	100	153	156	166	164	159	154	146	129	138	121	111	129	128	131	129	111	126	76	110	116	108	80	63	72	69	88	74	170	127	101	95	140	154	98	125	150	150	154	161	163	163	164	164	164	164	163	159	157	154	147	146	147	145	137	81	68	116	132	130	129
> 0	0	0	0	0	0	0	0	0	0	0	0	0	0	0	0	0	0	0	0	0	0	0	0	0	0	0	0	0	0	0	0	0	0	0	0	0	0	0	0	0	0	0	0	0	0	0	0	0	0	0	117	101	102	135	128	111	108	106	102	100	104	107	103	0	0	0	0	0	0	0	0	0	0	0	0	0	0	0	0	0	0	0	0	0	0	243	154	148	109	158	159	164	164	160	157	149	129	139	114	119	131	128	131	129	103	115	71	123	118	90	80	58	80	65	93	97	162	87	98	72	140	161	100	135	155	149	154	161	163	163	164	163	165	164	164	159	157	154	147	147	145	144	136	122	72	121	134	130	128
> 0	0	0	0	0	0	0	0	0	0	0	0	0	0	0	0	0	0	0	0	0	0	0	0	0	0	0	0	0	0	0	0	0	0	0	0	0	0	0	0	0	0	0	0	0	0	0	0	0	0	0	119	105	105	147	124	109	107	105	102	101	104	112	0	0	0	0	0	0	0	0	0	0	0	0	0	0	0	0	0	0	0	0	0	0	0	0	213	93	116	156	157	163	165	161	160	153	137	133	113	123	127	131	131	127	99	93	101	128	117	72	84	65	81	61	81	124	135	83	96	79	150	157	105	143	153	149	154	162	163	163	165	164	165	164	164	159	157	154	148	147	145	143	128	144	107	127	133	130	128
> 0	0	0	0	0	0	0	0	0	0	0	0	0	0	0	0	0	0	0	0	0	0	0	0	0	0	0	0	0	0	0	0	0	0	0	0	0	0	0	0	0	0	0	0	0	0	0	0	0	0	0	122	110	109	155	123	108	105	104	104	104	109	122	120	0	0	0	0	0	0	0	0	0	0	0	0	0	0	0	0	0	0	0	0	0	0	245	241	48	147	140	150	162	164	162	162	156	142	131	111	118	119	125	122	114	96	82	121	129	111	60	85	72	81	59	94	110	109	85	92	92	156	157	111	147	150	149	154	162	163	163	164	164	165	164	164	159	157	155	149	148	146	142	130	147	130	132	133	129	127
> 0	0	0	0	0	0	0	0	0	0	0	0	0	0	0	0	0	0	0	0	0	0	0	0	0	0	0	0	0	0	0	0	0	0	0	0	0	0	0	0	0	0	0	0	0	0	0	0	0	0	0	124	115	114	158	124	107	104	103	105	109	117	132	128	93	0	99	0	102	0	118	0	118	0	105	0	117	0	61	0	250	0	249	249	0	254	247	247	26	193	111	147	161	164	163	162	158	146	133	106	109	110	112	107	98	91	80	120	127	98	58	81	76	81	64	123	80	89	88	89	97	158	161	117	148	148	149	154	162	163	163	165	165	165	164	164	159	157	155	149	148	146	141	136	142	141	135	133	128	126
91,95c91,95
< 0	0	0	0	0	0	0	0	0	0	0	0	0	0	0	0	0	0	0	0	0	0	0	0	0	0	0	0	0	0	0	0	0	0	0	0	0	0	0	0	0	0	0	0	0	0	0	0	0	0	0	124	124	127	151	125	105	104	101	110	125	140	151	132	93	98	98	99	102	101	80	121	142	97	101	128	128	106	83	22	185	252	249	249	248	250	247	239	117	229	71	147	157	163	164	162	159	152	141	97	97	94	90	92	89	86	89	76	109	59	74	66	81	68	96	133	76	88	91	97	91	159	158	138	145	148	150	155	162	163	163	164	165	165	164	164	158	157	154	150	149	148	140	141	142	147	136	133	126	124
< 0	0	0	0	0	0	0	0	0	0	0	0	0	0	0	0	0	0	0	0	0	0	0	0	0	0	0	0	0	0	0	0	0	0	0	0	0	0	0	0	0	0	0	0	0	0	0	0	0	0	0	124	126	132	144	125	105	102	101	111	130	145	156	133	93	99	99	98	101	106	90	107	141	98	108	127	126	110	97	49	117	252	249	249	248	248	247	242	172	220	94	126	155	162	163	163	157	159	138	97	100	87	88	93	93	86	86	74	96	48	81	61	86	66	120	107	86	91	96	89	111	159	158	149	144	144	150	155	162	163	163	164	164	165	164	163	158	156	155	151	150	149	140	141	142	144	136	133	126	123
< 0	0	0	0	0	0	0	0	0	0	0	0	0	0	0	0	0	0	0	0	0	0	0	0	0	0	0	0	0	0	0	0	0	0	0	0	0	0	0	0	0	0	0	0	0	0	0	0	0	0	0	123	127	136	138	127	105	101	101	114	133	148	158	138	96	100	100	97	101	100	126	92	125	108	114	125	125	114	104	70	61	251	248	249	248	248	247	245	205	221	128	107	153	161	162	166	157	161	128	95	101	86	90	94	99	89	82	102	95	49	86	61	84	83	141	93	88	91	102	86	127	157	160	153	146	144	151	155	162	163	163	163	164	165	164	162	157	156	154	151	150	150	140	145	144	140	135	133	126	124
< 0	0	0	0	0	0	0	0	0	0	0	0	0	0	0	0	0	0	0	0	0	0	0	0	0	0	0	0	0	0	0	0	0	0	0	0	0	0	0	0	0	0	0	0	0	0	0	0	0	0	0	120	128	139	135	130	103	100	101	119	136	150	160	144	100	102	101	95	101	79	174	85	112	113	115	125	126	117	102	80	28	243	248	249	248	248	246	246	217	233	163	97	150	159	162	169	161	156	114	93	100	91	93	93	106	92	84	151	108	61	88	67	75	115	149	95	82	88	106	92	132	155	162	150	149	150	152	156	162	163	163	163	163	164	163	161	157	156	153	151	150	149	139	152	147	140	135	133	126	126
< 0	0	0	0	0	0	0	0	0	0	0	0	0	0	0	0	0	0	0	0	0	0	0	0	0	0	0	0	0	0	0	0	0	0	0	0	0	0	0	0	0	0	0	0	0	0	0	0	0	0	0	124	132	140	134	126	102	100	102	121	134	150	159	141	101	101	100	99	100	64	189	89	102	104	115	126	127	119	105	95	23	210	250	249	249	248	248	246	229	234	186	82	143	157	162	165	164	144	112	93	99	92	93	90	93	78	111	166	113	66	78	67	71	135	111	91	84	88	99	92	137	155	163	149	149	150	153	157	162	163	163	162	161	163	163	159	156	155	154	152	151	148	139	151	147	139	134	133	124	123
---
> 0	0	0	0	0	0	0	0	0	0	0	0	0	0	0	0	0	0	0	0	0	0	0	0	0	0	0	0	0	0	0	0	0	0	0	0	0	0	0	0	0	0	0	0	0	0	0	0	0	0	0	124	124	127	151	125	105	104	101	110	125	140	151	132	93	0	98	0	102	0	80	0	142	0	101	0	128	0	83	0	185	0	249	249	0	250	247	239	117	229	71	147	157	163	164	162	159	152	141	97	97	94	90	92	89	86	89	76	109	59	74	66	81	68	96	133	76	88	91	97	91	159	158	138	145	148	150	155	162	163	163	164	165	165	164	164	158	157	154	150	149	148	140	141	142	147	136	133	126	124
> 0	0	0	0	0	0	0	0	0	0	0	0	0	0	0	0	0	0	0	0	0	0	0	0	0	0	0	0	0	0	0	0	0	0	0	0	0	0	0	0	0	0	0	0	0	0	0	0	0	0	0	124	126	132	144	125	105	102	101	111	130	145	156	133	0	0	0	0	0	0	0	0	0	0	0	0	0	0	0	0	0	0	0	0	0	0	247	242	172	220	94	126	155	162	163	163	157	159	138	97	100	87	88	93	93	86	86	74	96	48	81	61	86	66	120	107	86	91	96	89	111	159	158	149	144	144	150	155	162	163	163	164	164	165	164	163	158	156	155	151	150	149	140	141	142	144	136	133	126	123
> 0	0	0	0	0	0	0	0	0	0	0	0	0	0	0	0	0	0	0	0	0	0	0	0	0	0	0	0	0	0	0	0	0	0	0	0	0	0	0	0	0	0	0	0	0	0	0	0	0	0	0	123	127	136	138	127	105	101	101	114	133	148	158	0	0	0	0	0	0	0	0	0	0	0	0	0	0	0	0	0	0	0	0	0	0	0	0	245	205	221	128	107	153	161	162	166	157	161	128	95	101	86	90	94	99	89	82	102	95	49	86	61	84	83	141	93	88	91	102	86	127	157	160	153	146	144	151	155	162	163	163	163	164	165	164	162	157	156	154	151	150	150	140	145	144	140	135	133	126	124
> 0	0	0	0	0	0	0	0	0	0	0	0	0	0	0	0	0	0	0	0	0	0	0	0	0	0	0	0	0	0	0	0	0	0	0	0	0	0	0	0	0	0	0	0	0	0	0	0	0	0	0	120	128	139	135	130	103	100	101	119	136	150	160	144	0	0	0	0	0	0	0	0	0	0	0	0	0	0	0	0	0	0	0	0	0	0	246	246	217	233	163	97	150	159	162	169	161	156	114	93	100	91	93	93	106	92	84	151	108	61	88	67	75	115	149	95	82	88	106	92	132	155	162	150	149	150	152	156	162	163	163	163	163	164	163	161	157	156	153	151	150	149	139	152	147	140	135	133	126	126
> 0	0	0	0	0	0	0	0	0	0	0	0	0	0	0	0	0	0	0	0	0	0	0	0	0	0	0	0	0	0	0	0	0	0	0	0	0	0	0	0	0	0	0	0	0	0	0	0	0	0	0	124	132	140	134	126	102	100	102	121	134	150	159	141	101	0	100	0	100	0	189	0	102	0	115	0	127	0	105	0	23	0	250	249	0	248	248	246	229	234	186	82	143	157	162	165	164	144	112	93	99	92	93	90	93	78	111	166	113	66	78	67	71	135	111	91	84	88	99	92	137	155	163	149	149	150	153	157	162	163	163	162	161	163	163	159	156	155	154	152	151	148	139	151	147	139	134	133	124	123
97,101c97,101
< 0	0	0	0	0	0	0	0	0	0	0	0	0	0	0	0	0	0	0	0	0	0	0	0	0	0	0	0	0	0	0	0	0	0	0	0	0	0	0	0	0	0	0	0	0	0	0	0	0	0	0	129	139	139	134	115	101	98	101	120	136	153	157	133	101	100	103	100	83	143	227	185	55	118	116	129	128	124	107	104	54	95	250	249	251	248	248	248	246	238	219	70	132	148	158	163	160	149	99	94	96	93	92	94	88	130	161	162	140	87	61	79	110	122	80	93	82	90	96	92	151	157	161	150	148	150	154	158	161	163	163	162	162	162	161	157	155	154	153	151	151	148	141	149	148	139	134	134	125	120
< 0	0	0	0	0	0	0	0	0	0	0	0	0	0	0	0	0	0	0	0	0	0	0	0	0	0	0	0	0	0	0	0	0	0	0	0	0	0	0	0	0	0	0	0	0	0	0	0	0	0	0	129	139	137	134	110	100	98	101	115	140	155	155	127	101	100	100	101	74	180	239	232	50	135	115	128	127	124	109	104	69	55	246	249	250	248	249	247	246	241	217	72	131	143	155	162	152	156	93	96	95	94	96	89	102	159	168	158	149	102	55	92	120	94	85	94	80	90	98	92	159	157	160	149	148	150	155	158	162	163	162	161	160	161	160	156	154	153	152	151	151	147	141	148	148	139	134	134	125	120
< 0	0	0	0	0	0	0	0	0	0	0	0	0	0	0	0	0	0	0	0	0	0	0	0	0	0	0	0	0	0	0	0	0	0	0	0	0	0	0	0	0	0	0	0	0	0	0	0	0	0	0	127	138	133	132	107	100	97	100	107	146	155	152	121	102	99	93	100	85	197	242	247	85	139	113	124	125	124	112	108	76	40	234	247	249	248	248	245	242	248	214	73	132	136	151	158	150	150	90	97	95	94	102	79	128	160	166	162	151	117	51	115	102	74	90	90	83	90	101	94	164	158	158	149	148	152	155	159	162	163	161	160	159	160	159	154	152	151	151	150	151	147	142	146	147	139	134	134	125	120
< 0	0	0	0	0	0	0	0	0	0	0	0	0	0	0	0	0	0	0	0	0	0	0	0	0	0	0	0	0	0	0	0	0	0	0	0	0	0	0	0	0	0	0	0	0	0	0	0	0	0	0	125	138	130	131	108	99	97	99	102	150	156	151	117	103	98	96	89	128	222	249	245	146	112	114	121	123	124	117	108	89	41	199	245	251	249	248	243	240	249	222	67	132	134	148	152	156	122	90	95	93	94	101	99	150	162	161	162	150	131	55	143	78	83	89	84	88	89	97	97	165	157	157	149	148	152	156	159	162	163	161	159	157	158	157	153	151	150	151	151	151	146	143	146	147	139	134	134	125	120
< 0	0	0	0	0	0	0	0	0	0	0	0	0	0	0	0	0	0	0	0	0	0	0	0	0	0	0	0	0	0	0	0	0	0	0	0	0	0	0	0	0	0	0	0	0	0	0	0	0	0	0	123	137	129	131	109	99	97	99	101	150	157	151	111	104	98	101	83	161	242	252	241	197	80	114	117	121	124	122	108	101	48	152	246	250	249	248	244	240	240	227	65	131	133	145	150	158	99	91	94	92	95	103	127	160	164	160	160	150	142	74	154	65	92	89	82	90	89	93	103	164	158	156	149	148	152	156	160	162	163	162	157	156	157	156	152	150	149	151	151	151	147	144	146	146	139	133	133	125	118
---
> 0	0	0	0	0	0	0	0	0	0	0	0	0	0	0	0	0	0	0	0	0	0	0	0	0	0	0	0	0	0	0	0	0	0	0	0	0	0	0	0	0	0	0	0	0	0	0	0	0	0	0	129	139	139	134	115	101	98	101	120	136	153	157	133	101	0	103	0	83	0	227	0	55	0	116	0	128	0	107	0	54	0	250	249	0	248	248	248	246	238	219	70	132	148	158	163	160	149	99	94	96	93	92	94	88	130	161	162	140	87	61	79	110	122	80	93	82	90	96	92	151	157	161	150	148	150	154	158	161	163	163	162	162	162	161	157	155	154	153	151	151	148	141	149	148	139	134	134	125	120
> 0	0	0	0	0	0	0	0	0	0	0	0	0	0	0	0	0	0	0	0	0	0	0	0	0	0	0	0	0	0	0	0	0	0	0	0	0	0	0	0	0	0	0	0	0	0	0	0	0	0	0	129	139	137	134	110	100	98	101	115	140	155	155	127	0	0	0	0	0	0	0	0	0	0	0	0	0	0	0	0	0	0	0	0	0	0	249	247	246	241	217	72	131	143	155	162	152	156	93	96	95	94	96	89	102	159	168	158	149	102	55	92	120	94	85	94	80	90	98	92	159	157	160	149	148	150	155	158	162	163	162	161	160	161	160	156	154	153	152	151	151	147	141	148	148	139	134	134	125	120
> 0	0	0	0	0	0	0	0	0	0	0	0	0	0	0	0	0	0	0	0	0	0	0	0	0	0	0	0	0	0	0	0	0	0	0	0	0	0	0	0	0	0	0	0	0	0	0	0	0	0	0	127	138	133	132	107	100	97	100	107	146	155	152	0	0	0	0	0	0	0	0	0	0	0	0	0	0	0	0	0	0	0	0	0	0	0	0	245	242	248	214	73	132	136	151	158	150	150	90	97	95	94	102	79	128	160	166	162	151	117	51	115	102	74	90	90	83	90	101	94	164	158	158	149	148	152	155	159	162	163	161	160	159	160	159	154	152	151	151	150	151	147	142	146	147	139	134	134	125	120
> 0	0	0	0	0	0	0	0	0	0	0	0	0	0	0	0	0	0	0	0	0	0	0	0	0	0	0	0	0	0	0	0	0	0	0	0	0	0	0	0	0	0	0	0	0	0	0	0	0	0	0	125	138	130	131	108	99	97	99	102	150	156	151	117	0	0	0	0	0	0	0	0	0	0	0	0	0	0	0	0	0	0	0	0	0	0	248	243	240	249	222	67	132	134	148	152	156	122	90	95	93	94	101	99	150	162	161	162	150	131	55	143	78	83	89	84	88	89	97	97	165	157	157	149	148	152	156	159	162	163	161	159	157	158	157	153	151	150	151	151	151	146	143	146	147	139	134	134	125	120
> 0	0	0	0	0	0	0	0	0	0	0	0	0	0	0	0	0	0	0	0	0	0	0	0	0	0	0	0	0	0	0	0	0	0	0	0	0	0	0	0	0	0	0	0	0	0	0	0	0	0	0	123	137	129	131	109	99	97	99	101	150	157	151	111	104	0	101	0	161	0	252	0	197	0	114	0	121	0	122	0	101	0	152	246	0	249	248	244	240	240	227	65	131	133	145	150	158	99	91	94	92	95	103	127	160	164	160	160	150	142	74	154	65	92	89	82	90	89	93	103	164	158	156	149	148	152	156	160	162	163	162	157	156	157	156	152	150	149	151	151	151	147	144	146	146	139	133	133	125	118
103,107c103,107
< 0	0	0	0	0	0	0	0	0	0	0	0	0	0	0	0	0	0	0	0	0	0	0	0	0	0	0	0	0	0	0	0	0	0	0	0	0	0	0	0	0	0	0	0	0	0	0	0	0	0	0	121	136	130	129	115	98	95	99	104	147	156	149	105	104	97	88	126	198	240	238	229	246	52	104	110	118	125	127	132	116	74	48	249	247	249	247	248	240	201	202	75	131	134	140	148	141	90	96	93	91	96	121	158	157	165	159	161	150	152	141	134	62	85	90	88	82	92	91	121	161	158	154	149	149	153	157	161	161	163	162	154	155	158	153	149	149	149	150	151	150	146	145	148	144	138	132	131	125	114
< 0	0	0	0	0	0	0	0	0	0	0	0	0	0	0	0	0	0	0	0	0	0	0	0	0	0	0	0	0	0	0	0	0	0	0	0	0	0	0	0	0	0	0	0	0	0	0	0	0	0	0	121	136	132	129	112	97	94	98	109	142	151	150	101	104	85	70	164	228	243	240	238	244	120	84	105	116	124	129	126	116	83	37	238	250	250	247	247	236	121	182	83	130	134	137	146	128	96	97	95	93	96	138	156	158	167	160	156	140	147	142	91	63	85	89	89	87	92	95	145	162	157	153	149	149	153	156	161	161	161	152	150	150	162	151	145	149	149	149	150	150	146	145	146	142	137	131	129	119	109
< 0	0	0	0	0	0	0	0	0	0	0	0	0	0	0	0	0	0	0	0	0	0	0	0	0	0	0	0	0	0	0	0	0	0	0	0	0	0	0	0	0	0	0	0	0	0	0	0	0	0	0	120	135	131	129	112	97	94	97	114	140	146	149	100	103	104	65	168	233	243	242	242	241	178	63	108	117	123	128	125	116	91	37	215	250	250	247	248	245	66	177	91	128	136	136	142	117	101	96	92	91	99	149	156	159	163	158	152	140	154	136	62	63	85	89	88	88	93	96	159	164	156	152	149	149	154	157	161	162	161	149	148	141	157	148	145	148	148	149	149	149	146	146	145	141	136	130	129	116	104
< 0	0	0	0	0	0	0	0	0	0	0	0	0	0	0	0	0	0	0	0	0	0	0	0	0	0	0	0	0	0	0	0	0	0	0	0	0	0	0	0	0	0	0	0	0	0	0	0	0	0	0	119	135	131	128	114	98	94	97	122	137	139	146	99	105	114	83	173	234	241	244	244	242	221	53	108	119	123	126	128	116	100	46	185	248	250	247	247	250	68	186	95	127	138	137	135	107	103	95	89	88	110	157	157	158	161	154	151	147	162	117	50	65	85	90	88	89	92	94	167	165	155	152	149	150	156	160	161	162	160	149	148	131	146	146	146	147	148	148	149	148	146	146	144	141	134	130	128	114	101
< 0	0	0	0	0	0	0	0	0	0	0	0	0	0	0	0	0	0	0	0	0	0	0	0	0	0	0	0	0	0	0	0	0	0	0	0	0	0	0	0	0	0	0	0	0	0	0	0	0	0	0	118	134	132	129	116	98	95	97	133	132	133	145	99	109	95	124	199	244	240	244	243	247	246	61	99	123	123	123	131	118	107	61	148	248	250	246	243	242	134	199	95	128	134	141	124	97	102	93	88	89	130	163	158	158	163	149	157	158	160	81	54	68	85	90	92	93	92	90	169	164	155	150	149	151	159	162	162	162	157	145	146	122	133	143	147	147	148	148	149	148	146	146	144	141	134	129	125	113	99
---
> 0	0	0	0	0	0	0	0	0	0	0	0	0	0	0	0	0	0	0	0	0	0	0	0	0	0	0	0	0	0	0	0	0	0	0	0	0	0	0	0	0	0	0	0	0	0	0	0	0	0	0	121	136	130	129	115	98	95	99	104	147	156	149	105	104	0	88	0	198	0	238	0	246	0	104	0	118	0	127	0	116	0	48	249	0	249	247	248	240	201	202	75	131	134	140	148	141	90	96	93	91	96	121	158	157	165	159	161	150	152	141	134	62	85	90	88	82	92	91	121	161	158	154	149	149	153	157	161	161	163	162	154	155	158	153	149	149	149	150	151	150	146	145	148	144	138	132	131	125	114
> 0	0	0	0	0	0	0	0	0	0	0	0	0	0	0	0	0	0	0	0	0	0	0	0	0	0	0	0	0	0	0	0	0	0	0	0	0	0	0	0	0	0	0	0	0	0	0	0	0	0	0	121	136	132	129	112	97	94	98	109	142	151	150	101	0	0	0	0	0	0	0	0	0	0	0	0	0	0	0	0	0	0	0	0	0	0	247	247	236	121	182	83	130	134	137	146	128	96	97	95	93	96	138	156	158	167	160	156	140	147	142	91	63	85	89	89	87	92	95	145	162	157	153	149	149	153	156	161	161	161	152	150	150	162	151	145	149	149	149	150	150	146	145	146	142	137	131	129	119	109
> 0	0	0	0	0	0	0	0	0	0	0	0	0	0	0	0	0	0	0	0	0	0	0	0	0	0	0	0	0	0	0	0	0	0	0	0	0	0	0	0	0	0	0	0	0	0	0	0	0	0	0	120	135	131	129	112	97	94	97	114	140	146	149	0	0	0	0	0	0	0	0	0	0	0	0	0	0	0	0	0	0	0	0	0	0	0	0	248	245	66	177	91	128	136	136	142	117	101	96	92	91	99	149	156	159	163	158	152	140	154	136	62	63	85	89	88	88	93	96	159	164	156	152	149	149	154	157	161	162	161	149	148	141	157	148	145	148	148	149	149	149	146	146	145	141	136	130	129	116	104
> 0	0	0	0	0	0	0	0	0	0	0	0	0	0	0	0	0	0	0	0	0	0	0	0	0	0	0	0	0	0	0	0	0	0	0	0	0	0	0	0	0	0	0	0	0	0	0	0	0	0	0	119	135	131	128	114	98	94	97	122	137	139	146	99	0	0	0	0	0	0	0	0	0	0	0	0	0	0	0	0	0	0	0	0	0	0	247	247	250	68	186	95	127	138	137	135	107	103	95	89	88	110	157	157	158	161	154	151	147	162	117	50	65	85	90	88	89	92	94	167	165	155	152	149	150	156	160	161	162	160	149	148	131	146	146	146	147	148	148	149	148	146	146	144	141	134	130	128	114	101
> 0	0	0	0	0	0	0	0	0	0	0	0	0	0	0	0	0	0	0	0	0	0	0	0	0	0	0	0	0	0	0	0	0	0	0	0	0	0	0	0	0	0	0	0	0	0	0	0	0	0	0	118	134	132	129	116	98	95	97	133	132	133	145	99	109	0	124	0	244	0	244	0	247	0	61	0	123	0	123	0	118	0	61	148	0	250	246	243	242	134	199	95	128	134	141	124	97	102	93	88	89	130	163	158	158	163	149	157	158	160	81	54	68	85	90	92	93	92	90	169	164	155	150	149	151	159	162	162	162	157	145	146	122	133	143	147	147	148	148	149	148	146	146	144	141	134	129	125	113	99
109,113c109,113
< 0	0	0	0	0	0	0	0	0	0	0	0	0	0	0	0	0	0	0	0	0	0	0	0	0	0	0	0	0	0	0	0	0	0	0	0	0	0	0	0	0	0	0	0	0	0	0	0	0	0	0	116	132	130	129	120	102	94	96	149	123	127	143	96	107	73	172	244	248	243	244	245	249	246	124	95	116	125	121	129	121	108	86	66	252	249	247	237	203	189	123	116	130	127	138	100	98	94	87	96	113	160	157	157	156	147	148	180	147	69	47	70	66	88	95	105	99	88	105	163	157	153	149	148	152	161	162	162	162	147	129	132	113	126	146	147	147	147	147	147	145	144	143	142	137	131	127	120	106	90
< 0	0	0	0	0	0	0	0	0	0	0	0	0	0	0	0	0	0	0	0	0	0	0	0	0	0	0	0	0	0	0	0	0	0	0	0	0	0	0	0	0	0	0	0	0	0	0	0	0	0	0	115	130	129	129	122	106	95	100	152	118	125	142	94	103	108	180	244	242	245	244	245	247	248	165	80	107	124	121	126	123	105	93	39	248	249	247	235	169	210	85	124	125	129	127	92	102	93	85	95	131	161	157	157	154	147	152	180	102	48	55	71	65	94	97	103	96	88	122	161	155	152	149	147	151	161	162	162	164	145	126	122	110	126	148	146	147	146	146	146	144	143	142	141	137	130	125	119	103	85
< 0	0	0	0	0	0	0	0	0	0	0	0	0	0	0	0	0	0	0	0	0	0	0	0	0	0	0	0	0	0	0	0	0	0	0	0	0	0	0	0	0	0	0	0	0	0	0	0	0	0	0	113	130	129	129	124	111	96	108	153	114	122	141	92	85	149	201	239	239	247	244	244	246	250	209	57	98	120	121	124	125	104	97	28	235	248	247	233	155	210	74	124	121	133	113	89	104	95	85	97	150	158	160	156	153	151	167	148	49	58	62	73	64	99	98	98	90	88	138	159	155	151	148	147	148	161	162	162	165	146	124	111	107	128	147	146	146	146	145	144	143	142	141	140	137	130	122	117	101	81
< 0	0	0	0	0	0	0	0	0	0	0	0	0	0	0	0	0	0	0	0	0	0	0	0	0	0	0	0	0	0	0	0	0	0	0	0	0	0	0	0	0	0	0	0	0	0	0	0	0	0	0	112	129	128	129	125	114	99	122	151	112	117	137	91	57	167	237	243	242	245	244	242	246	248	243	53	94	114	124	122	126	105	101	39	215	248	248	222	199	127	92	120	121	129	103	92	100	93	90	111	162	161	162	156	152	153	179	74	25	83	59	75	66	97	99	96	85	88	151	158	154	151	149	147	149	162	162	162	161	146	124	101	103	128	146	146	146	146	145	144	143	142	141	138	136	130	121	115	98	80
< 0	0	0	0	0	0	0	0	0	0	0	0	0	0	0	0	0	0	0	0	0	0	0	0	0	0	0	0	0	0	0	0	0	0	0	0	0	0	0	0	0	0	0	0	0	0	0	0	0	0	0	111	128	127	129	126	117	101	132	150	110	113	135	89	79	174	242	244	245	244	245	244	242	249	246	86	93	108	126	125	127	108	106	53	182	248	243	199	226	59	100	120	125	122	101	95	96	89	96	130	162	163	159	156	152	167	128	42	48	82	65	75	73	91	98	98	85	88	160	161	156	150	148	148	149	162	162	161	159	145	123	93	104	127	146	144	144	145	144	143	142	141	140	137	136	130	121	113	96	76
---
> 0	0	0	0	0	0	0	0	0	0	0	0	0	0	0	0	0	0	0	0	0	0	0	0	0	0	0	0	0	0	0	0	0	0	0	0	0	0	0	0	0	0	0	0	0	0	0	0	0	0	0	116	132	130	129	120	102	94	96	149	123	127	143	96	107	0	172	0	248	0	244	0	249	0	124	0	116	0	121	0	121	0	86	66	0	249	247	237	203	189	123	116	130	127	138	100	98	94	87	96	113	160	157	157	156	147	148	180	147	69	47	70	66	88	95	105	99	88	105	163	157	153	149	148	152	161	162	162	162	147	129	132	113	126	146	147	147	147	147	147	145	144	143	142	137	131	127	120	106	90
> 0	0	0	0	0	0	0	0	0	0	0	0	0	0	0	0	0	0	0	0	0	0	0	0	0	0	0	0	0	0	0	0	0	0	0	0	0	0	0	0	0	0	0	0	0	0	0	0	0	0	0	115	130	129	129	122	106	95	100	152	118	125	142	94	0	0	0	0	0	0	0	0	0	0	0	0	0	0	0	0	0	0	0	0	0	0	247	235	169	210	85	124	125	129	127	92	102	93	85	95	131	161	157	157	154	147	152	180	102	48	55	71	65	94	97	103	96	88	122	161	155	152	149	147	151	161	162	162	164	145	126	122	110	126	148	146	147	146	146	146	144	143	142	141	137	130	125	119	103	85
> 0	0	0	0	0	0	0	0	0	0	0	0	0	0	0	0	0	0	0	0	0	0	0	0	0	0	0	0	0	0	0	0	0	0	0	0	0	0	0	0	0	0	0	0	0	0	0	0	0	0	0	113	130	129	129	124	111	96	108	153	114	122	141	0	0	0	0	0	0	0	0	0	0	0	0	0	0	0	0	0	0	0	0	0	0	0	0	233	155	210	74	124	121	133	113	89	104	95	85	97	150	158	160	156	153	151	167	148	49	58	62	73	64	99	98	98	90	88	138	159	155	151	148	147	148	161	162	162	165	146	124	111	107	128	147	146	146	146	145	144	143	142	141	140	137	130	122	117	101	81
> 0	0	0	0	0	0	0	0	0	0	0	0	0	0	0	0	0	0	0	0	0	0	0	0	0	0	0	0	0	0	0	0	0	0	0	0	0	0	0	0	0	0	0	0	0	0	0	0	0	0	0	112	129	128	129	125	114	99	122	151	112	117	137	91	0	0	0	0	0	0	0	0	0	0	0	0	0	0	0	0	0	0	0	0	0	0	248	222	199	127	92	120	121	129	103	92	100	93	90	111	162	161	162	156	152	153	179	74	25	83	59	75	66	97	99	96	85	88	151	158	154	151	149	147	149	162	162	162	161	146	124	101	103	128	146	146	146	146	145	144	143	142	141	138	136	130	121	115	98	80
> 0	0	0	0	0	0	0	0	0	0	0	0	0	0	0	0	0	0	0	0	0	0	0	0	0	0	0	0	0	0	0	0	0	0	0	0	0	0	0	0	0	0	0	0	0	0	0	0	0	0	0	111	128	127	129	126	117	101	132	150	110	113	135	89	79	0	242	0	245	0	245	0	242	0	246	0	93	0	126	0	127	0	106	53	0	248	243	199	226	59	100	120	125	122	101	95	96	89	96	130	162	163	159	156	152	167	128	42	48	82	65	75	73	91	98	98	85	88	160	161	156	150	148	148	149	162	162	161	159	145	123	93	104	127	146	144	144	145	144	143	142	141	140	137	136	130	121	113	96	76
116,120c116,120
< 0	0	0	0	0	0	0	0	0	0	0	0	0	0	0	0	0	0	0	0	0	0	0	0	0	0	0	0	0	0	0	0	0	0	0	0	0	0	0	0	0	0	0	0	0	0	0	0	0	0	0	100	120	126	129	130	124	116	147	114	102	102	96	78	144	230	244	243	244	245	245	247	247	247	246	202	77	109	114	120	123	119	108	70	106	225	208	219	49	55	105	108	114	103	93	91	88	91	138	154	157	160	154	148	170	90	35	56	56	80	102	67	68	82	88	95	82	83	164	159	152	149	149	149	153	162	162	161	160	137	121	105	128	136	146	139	139	138	145	142	141	140	137	135	134	123	117	103	86	67
< 0	0	0	0	0	0	0	0	0	0	0	0	0	0	0	0	0	0	0	0	0	0	0	0	0	0	0	0	0	0	0	0	0	0	0	0	0	0	0	0	0	0	0	0	0	0	0	0	0	0	0	96	118	125	129	130	125	126	147	108	103	95	89	102	154	243	245	243	243	244	244	246	247	247	244	232	59	112	107	113	120	122	111	79	99	212	187	221	60	72	108	107	107	98	91	87	86	102	153	155	158	159	155	153	145	56	51	55	57	80	114	87	76	81	88	93	78	94	164	156	151	149	148	149	156	162	162	161	158	135	125	120	134	141	146	141	138	134	144	142	141	139	137	134	134	123	115	101	83	62
< 0	0	0	0	0	0	0	0	0	0	0	0	0	0	0	0	0	0	0	0	0	0	0	0	0	0	0	0	0	0	0	0	0	0	0	0	0	0	0	0	0	0	0	0	0	0	0	0	0	0	0	91	115	123	129	130	128	131	142	104	105	95	81	134	179	247	245	243	243	244	244	246	247	247	245	246	59	113	101	108	120	123	109	99	112	205	182	172	91	79	110	107	101	95	90	85	89	121	157	154	157	157	154	160	112	47	63	58	59	81	118	108	91	78	90	95	76	109	164	154	150	149	148	150	157	161	162	161	156	133	130	130	139	142	146	145	140	134	143	142	141	139	136	134	133	122	113	98	79	57
< 0	0	0	0	0	0	0	0	0	0	0	0	0	0	0	0	0	0	0	0	0	0	0	0	0	0	0	0	0	0	0	0	0	0	0	0	0	0	0	0	0	0	0	0	0	0	0	0	0	0	0	86	112	121	128	131	132	132	134	103	106	98	72	162	210	248	245	243	243	244	244	246	247	247	248	249	77	110	99	106	120	122	103	109	140	202	191	104	108	86	110	106	98	94	90	87	99	142	156	153	155	156	158	158	80	50	64	65	64	85	115	124	110	74	89	97	78	125	162	152	149	148	148	150	157	160	162	161	153	134	134	137	140	142	147	148	143	137	142	142	141	138	135	134	132	121	111	95	74	51
< 0	0	0	0	0	0	0	0	0	0	0	0	0	0	0	0	0	0	0	0	0	0	0	0	0	0	0	0	0	0	0	0	0	0	0	0	0	0	0	0	0	0	0	0	0	0	0	0	0	0	0	81	109	120	128	131	135	130	129	102	106	103	65	176	236	248	243	244	243	245	245	246	247	247	251	248	113	101	103	106	118	123	96	93	178	200	208	52	83	99	109	106	98	94	91	91	115	157	152	154	154	155	169	141	56	58	52	76	74	93	108	127	131	70	84	91	81	144	160	150	148	148	148	149	156	160	162	160	147	136	139	140	140	141	147	146	143	141	141	141	140	138	135	133	130	120	108	91	69	47
---
> 0	0	0	0	0	0	0	0	0	0	0	0	0	0	0	0	0	0	0	0	0	0	0	0	0	0	0	0	0	0	0	0	0	0	0	0	0	0	0	0	0	0	0	0	0	0	0	0	0	0	0	100	120	126	129	130	124	116	147	114	102	102	96	78	144	0	244	0	244	0	245	0	247	0	246	0	77	0	114	0	123	0	108	70	0	225	208	219	49	55	105	108	114	103	93	91	88	91	138	154	157	160	154	148	170	90	35	56	56	80	102	67	68	82	88	95	82	83	164	159	152	149	149	149	153	162	162	161	160	137	121	105	128	136	146	139	139	138	145	142	141	140	137	135	134	123	117	103	86	67
> 0	0	0	0	0	0	0	0	0	0	0	0	0	0	0	0	0	0	0	0	0	0	0	0	0	0	0	0	0	0	0	0	0	0	0	0	0	0	0	0	0	0	0	0	0	0	0	0	0	0	0	96	118	125	129	130	125	126	147	108	103	95	89	102	0	0	0	0	0	0	0	0	0	0	0	0	0	0	0	0	0	0	0	0	0	0	187	221	60	72	108	107	107	98	91	87	86	102	153	155	158	159	155	153	145	56	51	55	57	80	114	87	76	81	88	93	78	94	164	156	151	149	148	149	156	162	162	161	158	135	125	120	134	141	146	141	138	134	144	142	141	139	137	134	134	123	115	101	83	62
> 0	0	0	0	0	0	0	0	0	0	0	0	0	0	0	0	0	0	0	0	0	0	0	0	0	0	0	0	0	0	0	0	0	0	0	0	0	0	0	0	0	0	0	0	0	0	0	0	0	0	0	91	115	123	129	130	128	131	142	104	105	95	81	0	0	0	0	0	0	0	0	0	0	0	0	0	0	0	0	0	0	0	0	0	0	0	0	172	91	79	110	107	101	95	90	85	89	121	157	154	157	157	154	160	112	47	63	58	59	81	118	108	91	78	90	95	76	109	164	154	150	149	148	150	157	161	162	161	156	133	130	130	139	142	146	145	140	134	143	142	141	139	136	134	133	122	113	98	79	57
> 0	0	0	0	0	0	0	0	0	0	0	0	0	0	0	0	0	0	0	0	0	0	0	0	0	0	0	0	0	0	0	0	0	0	0	0	0	0	0	0	0	0	0	0	0	0	0	0	0	0	0	86	112	121	128	131	132	132	134	103	106	98	72	162	0	0	0	0	0	0	0	0	0	0	0	0	0	0	0	0	0	0	0	0	0	0	191	104	108	86	110	106	98	94	90	87	99	142	156	153	155	156	158	158	80	50	64	65	64	85	115	124	110	74	89	97	78	125	162	152	149	148	148	150	157	160	162	161	153	134	134	137	140	142	147	148	143	137	142	142	141	138	135	134	132	121	111	95	74	51
> 0	0	0	0	0	0	0	0	0	0	0	0	0	0	0	0	0	0	0	0	0	0	0	0	0	0	0	0	0	0	0	0	0	0	0	0	0	0	0	0	0	0	0	0	0	0	0	0	0	0	0	81	109	120	128	131	135	130	129	102	106	103	65	176	236	0	243	0	243	0	245	0	247	0	251	0	113	0	103	0	118	0	96	93	0	200	208	52	83	99	109	106	98	94	91	91	115	157	152	154	154	155	169	141	56	58	52	76	74	93	108	127	131	70	84	91	81	144	160	150	148	148	148	149	156	160	162	160	147	136	139	140	140	141	147	146	143	141	141	141	140	138	135	133	130	120	108	91	69	47
