0	0	0	0	0	0	0	0	0	0	0	0	0	0	0	0	0	0	0	0	0	0	0	0	0	0	0	0	0	0	0	0	0	0	0	0	0	0	0	0	0	0	0	0	0	0	0	0	0	0	0	99	104	104	100	101	110	111	108	112	113	112	107	92	106	126	141	137	136	140	132	129	128	122	116	116	114	112	112	112	148	131	109	110	111	113	113	112	115	116	117	117	116	113	114	123	123	126	126	128	131	132	133	138	158	155	143	142	141	139	140	128	118	86	120	131	129	130	131	132	130	128	128	127	129	138	133	124	123	120	120	121	136	158	160	160	160	159	140	120	121	120	118	118	114	109	108	107	107	105
0	0	0	0	0	0	0	0	0	0	0	0	0	0	0	0	0	0	0	0	0	0	0	0	0	0	0	0	0	0	0	0	0	0	0	0	0	0	0	0	0	0	0	0	0	0	0	0	0	0	0	89	102	103	101	101	105	125	98	112	113	111	104	92	107	122	140	137	138	147	137	129	127	121	115	114	114	112	112	105	132	147	107	109	111	112	112	112	115	117	117	117	116	113	116	123	123	126	127	128	130	132	133	135	150	155	149	143	141	138	138	121	120	88	119	129	129	130	131	131	129	128	127	125	128	146	132	125	123	120	120	122	138	159	160	160	160	161	137	121	122	120	119	118	114	110	108	107	107	105
0	0	0	0	0	0	0	0	0	0	0	0	0	0	0	0	0	0	0	0	0	0	0	0	0	0	0	0	0	0	0	0	0	0	0	0	0	0	0	0	0	0	0	0	0	0	0	0	0	0	0	83	100	101	103	102	102	134	96	111	114	110	101	91	109	119	139	137	142	155	141	128	126	119	114	114	113	111	110	104	113	154	108	107	111	112	112	112	115	117	117	117	115	112	117	124	124	126	127	128	130	132	132	135	140	151	157	143	141	138	136	112	118	94	118	128	129	130	130	130	129	128	127	123	127	154	132	125	121	120	120	123	140	159	160	160	160	163	135	123	123	121	120	119	115	110	109	108	107	105
0	0	0	0	0	0	0	0	0	0	0	0	0	0	0	0	0	0	0	0	0	0	0	0	0	0	0	0	0	0	0	0	0	0	0	0	0	0	0	0	0	0	0	0	0	0	0	0	0	0	0	86	99	99	105	104	106	128	110	112	114	109	98	93	111	118	136	139	144	162	142	129	124	118	114	114	112	110	108	105	103	146	122	105	111	112	112	112	115	117	117	117	114	112	119	124	124	126	128	129	130	131	131	134	138	147	158	148	141	138	135	113	105	100	121	128	129	129	129	130	129	128	127	125	127	162	132	125	121	120	120	126	142	159	160	160	160	164	132	125	125	123	121	120	115	111	109	108	107	105
0	0	0	0	0	0	0	0	0	0	0	0	0	0	0	0	0	0	0	0	0	0	0	0	0	0	0	0	0	0	0	0	0	0	0	0	0	0	0	0	0	0	0	0	0	0	0	0	0	0	0	94	99	99	106	106	109	125	115	112	115	107	93	95	110	118	131	140	147	168	146	129	122	117	114	113	111	109	107	106	102	131	139	105	112	112	112	112	115	117	117	117	114	112	119	123	123	126	128	130	131	131	132	131	137	144	151	154	145	139	134	120	88	102	122	128	129	129	129	129	129	128	127	126	126	162	132	125	121	120	120	128	145	158	160	161	161	164	131	126	126	124	123	121	115	112	109	109	107	105
0	0	0	0	0	0	0	0	0	0	0	0	0	0	0	0	0	0	0	0	0	0	0	0	0	0	0	0	0	0	0	0	0	0	0	0	0	0	0	0	0	0	0	0	0	0	0	0	0	0	0	104	101	101	106	106	112	123	115	113	114	104	91	96	111	118	126	143	149	170	151	132	121	116	113	113	111	108	106	106	103	121	147	112	112	112	112	112	115	117	116	116	114	113	119	123	123	127	129	130	131	131	133	131	136	142	145	156	149	143	134	126	77	103	122	129	129	129	129	128	128	128	127	126	126	158	131	125	121	120	120	129	147	158	160	161	161	164	130	127	127	125	124	121	116	113	110	109	108	106
0	0	0	0	0	0	0	0	0	0	0	0	0	0	0	0	0	0	0	0	0	0	0	0	0	0	0	0	0	0	0	0	0	0	0	0	0	0	0	0	0	0	0	0	0	0	0	0	0	0	0	112	104	104	106	107	117	117	114	114	113	101	89	99	111	117	123	146	150	169	157	138	120	116	113	112	109	106	106	107	103	116	144	127	111	112	112	112	115	117	116	116	113	113	119	124	124	127	130	131	132	133	135	132	136	140	141	154	155	147	137	129	74	105	122	128	129	129	128	128	128	128	127	126	128	151	130	126	122	122	121	130	148	158	160	161	162	164	129	128	127	126	125	122	117	113	110	109	108	106
0	0	0	0	0	0	0	0	0	0	0	0	0	0	0	0	0	0	0	0	0	0	0	0	0	0	0	0	0	0	0	0	0	0	0	0	0	0	0	0	0	0	0	0	0	0	0	0	0	0	0	117	107	107	107	107	128	100	119	114	113	99	87	102	111	117	122	147	152	166	160	143	119	115	113	112	108	105	105	109	100	114	132	145	109	112	112	112	115	117	116	117	111	115	119	123	125	129	131	130	133	133	134	134	135	137	141	146	159	151	144	125	76	112	123	128	128	128	128	129	128	128	127	127	131	142	129	125	122	122	121	131	149	159	160	161	162	164	128	128	128	126	125	124	117	113	110	110	109	106
0	0	0	0	0	0	0	0	0	0	0	0	0	0	0	0	0	0	0	0	0	0	0	0	0	0	0	0	0	0	0	0	0	0	0	0	0	0	0	0	0	0	0	0	0	0	0	0	0	0	0	109	106	107	108	109	128	99	117	114	112	90	90	106	112	118	120	143	154	163	159	144	119	115	113	112	105	104	104	106	105	111	116	140	123	112	112	112	115	117	116	115	112	116	119	123	126	129	132	132	133	133	134	134	135	135	137	138	150	149	150	105	98	110	121	127	128	128	127	128	128	128	128	128	136	137	128	126	123	122	121	132	151	158	160	160	162	162	127	129	128	127	126	124	118	114	111	111	109	107
0	0	0	0	0	0	0	0	0	0	0	0	0	0	0	0	0	0	0	0	0	0	0	0	0	0	0	0	0	0	0	0	0	0	0	0	0	0	0	0	0	0	0	0	0	0	0	0	0	0	0	106	106	106	107	107	126	102	114	114	110	88	92	108	112	118	120	141	155	161	157	144	121	115	113	112	104	102	102	105	108	109	110	128	140	111	111	112	115	117	116	114	113	117	120	123	126	129	133	133	133	133	134	134	134	135	135	135	145	148	146	97	113	111	122	127	128	128	128	128	128	128	128	129	138	135	127	126	123	122	122	133	153	158	160	160	162	161	127	129	129	127	126	124	119	113	113	111	109	107
0	0	0	0	0	0	0	0	0	0	0	0	0	0	0	0	0	0	0	0	0	0	0	0	0	0	0	0	0	0	0	0	0	0	0	0	0	0	0	0	0	0	0	0	0	0	0	0	0	0	0	106	106	106	107	105	121	107	113	114	107	90	95	108	112	118	122	138	155	161	153	143	125	115	113	111	105	100	100	104	110	108	112	117	151	112	112	113	115	117	115	112	113	118	121	123	126	130	133	134	134	134	134	134	134	135	135	136	144	146	135	95	121	113	124	126	128	128	128	128	128	128	128	130	140	133	127	126	123	122	122	134	154	157	160	160	162	160	128	129	129	127	126	125	120	113	113	112	110	108
0	0	0	0	0	0	0	0	0	0	0	0	0	0	0	0	0	0	0	0	0	0	0	0	0	0	0	0	0	0	0	0	0	0	0	0	0	0	0	0	0	0	0	0	0	0	0	0	0	0	0	106	106	106	108	105	115	111	114	114	104	92	97	108	112	117	128	133	154	162	150	144	132	116	113	111	104	99	99	104	110	110	113	109	148	124	113	113	115	116	115	109	113	119	121	124	128	131	135	134	134	134	134	134	134	135	135	138	141	143	123	91	129	116	123	126	127	127	128	128	128	128	128	131	141	131	127	127	125	124	124	135	155	158	159	160	162	160	130	130	129	128	127	126	120	112	113	113	110	108
0	0	0	0	0	0	0	0	0	0	0	0	0	0	0	0	0	0	0	0	0	0	0	0	0	0	0	0	0	0	0	0	0	0	0	0	0	0	0	0	0	0	0	0	0	0	0	0	0	0	0	106	106	106	108	110	111	112	115	113	100	93	100	111	113	117	131	131	153	162	147	142	135	117	113	111	104	99	99	105	111	111	112	112	124	142	112	111	113	116	115	106	114	120	122	124	128	132	134	134	134	134	134	134	134	135	135	136	141	140	114	91	139	120	124	127	127	127	128	128	128	128	128	132	145	130	127	127	125	124	124	137	154	158	159	160	162	160	129	130	129	128	127	126	119	110	114	113	111	108
0	0	0	0	0	0	0	0	0	0	0	0	0	0	0	0	0	0	0	0	0	0	0	0	0	0	0	0	0	0	0	0	0	0	0	0	0	0	0	0	0	0	0	0	0	0	0	0	0	0	0	106	106	106	104	117	110	112	117	112	97	95	103	112	114	118	129	137	151	158	147	142	138	118	112	111	104	99	98	105	112	111	111	113	110	148	119	108	113	115	115	106	114	121	123	126	129	133	134	134	134	134	134	134	134	135	135	135	140	135	111	93	144	127	127	127	127	127	128	128	128	128	128	133	146	129	127	127	125	124	124	138	155	157	159	160	162	157	130	130	129	128	127	126	120	110	115	114	111	108
0	0	0	0	0	0	0	0	0	0	0	0	0	0	0	0	0	0	0	0	0	0	0	0	0	0	0	0	0	0	0	0	0	0	0	0	0	0	0	0	0	0	0	0	0	0	0	0	0	0	0	106	106	106	100	123	109	112	119	110	95	97	106	113	115	118	124	148	148	153	146	143	141	119	112	111	104	98	98	105	112	111	110	110	106	141	130	105	116	114	115	106	114	123	124	127	130	133	134	134	134	134	134	134	134	135	135	135	139	129	114	96	142	133	131	127	127	127	128	128	128	128	128	135	146	128	127	127	125	124	125	139	156	158	160	159	162	153	131	130	129	128	127	126	121	110	115	114	111	109
0	0	0	0	0	0	0	0	0	0	0	0	0	0	0	0	0	0	0	0	0	0	0	0	0	0	0	0	0	0	0	0	0	0	0	0	0	0	0	0	0	0	0	0	0	0	0	0	0	0	0	106	106	106	100	124	108	112	120	106	94	99	108	114	116	119	118	157	143	149	145	143	142	120	112	111	103	98	97	106	112	112	111	105	111	124	141	105	120	113	113	107	114	123	124	128	130	134	134	134	134	134	134	134	134	135	135	135	138	122	121	100	133	138	135	126	127	127	128	128	128	128	128	138	146	127	127	127	125	124	125	141	156	158	160	158	162	150	133	130	129	128	127	125	121	110	116	114	113	109
0	0	0	0	0	0	0	0	0	0	0	0	0	0	0	0	0	0	0	0	0	0	0	0	0	0	0	0	0	0	0	0	0	0	0	0	0	0	0	0	0	0	0	0	0	0	0	0	0	0	0	106	106	106	106	115	108	112	119	102	94	100	110	113	116	120	124	154	140	147	145	143	142	128	112	111	103	98	97	106	112	112	113	104	111	115	142	122	120	112	110	108	116	123	126	129	131	134	134	134	134	134	134	134	134	135	135	135	137	117	122	103	121	142	136	126	127	127	128	130	128	129	128	141	143	128	127	127	125	124	124	141	155	157	161	158	162	148	134	130	129	128	127	125	122	110	116	114	112	109
0	0	0	0	0	0	0	0	0	0	0	0	0	0	0	0	0	0	0	0	0	0	0	0	0	0	0	0	0	0	0	0	0	0	0	0	0	0	0	0	0	0	0	0	0	0	0	0	0	0	0	105	105	105	112	107	108	112	117	100	95	103	111	114	117	120	133	144	138	144	145	144	142	135	113	111	103	98	97	107	112	112	113	109	108	115	139	143	116	111	109	111	117	124	127	129	132	134	134	134	134	134	134	134	134	135	135	135	136	112	116	105	118	142	135	127	127	127	127	130	129	129	129	142	142	128	127	128	125	124	125	142	154	157	159	158	162	146	134	130	129	128	127	126	122	110	116	114	112	109
0	0	0	0	0	0	0	0	0	0	0	0	0	0	0	0	0	0	0	0	0	0	0	0	0	0	0	0	0	0	0	0	0	0	0	0	0	0	0	0	0	0	0	0	0	0	0	0	0	0	0	105	105	105	113	100	110	112	114	99	97	106	112	116	118	121	141	135	134	141	146	145	142	141	118	109	100	98	97	108	112	112	112	112	108	115	130	153	124	110	105	111	120	125	128	131	133	134	134	134	134	134	134	134	134	135	135	135	135	114	104	107	123	138	135	136	129	129	128	131	133	130	130	142	139	128	127	127	125	125	128	143	154	157	157	158	161	143	133	129	129	128	127	126	123	111	116	114	113	109
0	0	0	0	0	0	0	0	0	0	0	0	0	0	0	0	0	0	0	0	0	0	0	0	0	0	0	0	0	0	0	0	0	0	0	0	0	0	0	0	0	0	0	0	0	0	0	0	0	0	0	105	105	104	110	98	112	112	112	100	100	109	113	117	118	122	147	131	127	135	148	147	143	145	125	106	96	99	98	110	112	112	112	112	110	112	118	149	142	111	101	111	122	125	129	132	134	135	135	135	135	135	135	135	135	135	135	135	135	121	91	111	131	133	136	149	135	132	131	132	137	132	132	142	133	129	129	126	126	126	132	144	154	156	157	158	159	138	131	129	129	128	127	126	124	112	114	114	113	110
0	0	0	0	0	0	0	0	0	0	0	0	0	0	0	0	0	0	0	0	0	0	0	0	0	0	0	0	0	0	0	0	0	0	0	0	0	0	0	0	0	0	0	0	0	0	0	0	0	0	0	103	103	104	110	106	111	112	112	99	103	110	113	117	119	122	147	132	123	120	146	146	144	146	130	104	94	100	100	110	112	112	112	112	111	113	117	139	150	113	100	114	123	125	129	132	134	135	135	135	135	135	135	135	135	135	135	135	135	121	86	118	128	134	135	145	139	134	132	132	134	132	133	143	132	129	128	127	126	126	134	145	154	156	157	158	160	138	130	129	129	128	127	125	123	112	113	113	112	111
0	0	0	0	0	0	0	0	0	0	0	0	0	0	0	0	0	0	0	0	0	0	0	0	0	0	0	0	0	0	0	0	0	0	0	0	0	0	0	0	0	0	0	0	0	0	0	0	0	0	0	102	103	103	111	109	111	112	112	99	105	110	113	118	120	123	148	133	121	103	145	146	144	145	137	103	93	100	104	111	112	112	111	112	112	113	117	128	151	120	102	118	124	126	130	132	134	135	135	135	135	135	135	135	135	135	135	135	134	120	86	122	128	134	133	140	144	137	132	132	133	132	135	145	132	128	128	128	127	127	135	146	154	155	157	158	161	137	129	129	129	128	126	125	118	112	112	113	112	111
0	0	0	0	0	0	0	0	0	0	0	0	0	0	0	0	0	0	0	0	0	0	0	0	0	0	0	0	0	0	0	0	0	0	0	0	0	0	0	0	0	0	0	0	0	0	0	0	0	0	0	102	103	103	110	110	112	112	112	100	106	110	113	118	121	129	146	134	118	94	142	146	145	144	141	107	93	100	108	111	112	112	111	112	112	114	118	120	142	128	107	120	124	126	130	133	134	135	135	135	135	135	135	135	135	135	135	135	133	118	88	122	128	134	131	137	146	139	132	132	132	132	136	146	132	128	128	128	129	129	136	147	154	156	157	158	162	136	129	129	128	127	125	125	115	111	111	113	113	111
0	0	0	0	0	0	0	0	0	0	0	0	0	0	0	0	0	0	0	0	0	0	0	0	0	0	0	0	0	0	0	0	0	0	0	0	0	0	0	0	0	0	0	0	0	0	0	0	0	0	0	101	103	104	108	110	112	112	111	100	107	111	113	118	123	136	143	134	113	93	137	147	146	144	143	116	94	101	110	112	112	112	112	112	113	115	119	115	127	133	117	123	125	127	130	133	134	135	135	135	135	135	135	135	135	135	135	135	132	114	94	121	129	134	131	134	145	141	134	133	132	131	137	147	131	128	128	128	129	129	136	147	155	157	158	158	163	134	129	129	128	127	126	125	115	109	109	112	113	111
0	0	0	0	0	0	0	0	0	0	0	0	0	0	0	0	0	0	0	0	0	0	0	0	0	0	0	0	0	0	0	0	0	0	0	0	0	0	0	0	0	0	0	0	0	0	0	0	0	0	0	99	103	107	106	107	111	112	112	103	108	111	113	117	126	144	136	128	107	98	128	146	147	144	144	131	97	102	112	112	112	112	112	112	113	116	120	113	113	129	133	124	126	127	131	134	134	135	135	135	135	135	135	135	135	135	135	135	131	107	102	122	130	134	132	132	141	141	137	134	133	131	138	148	129	128	128	128	129	126	137	149	155	158	160	160	162	132	130	129	128	126	124	124	117	107	108	112	113	111
0	0	0	0	0	0	0	0	0	0	0	0	0	0	0	0	0	0	0	0	0	0	0	0	0	0	0	0	0	0	0	0	0	0	0	0	0	0	0	0	0	0	0	0	0	0	0	0	0	0	0	100	102	111	105	107	111	112	112	104	109	111	113	119	128	147	132	126	106	105	120	143	147	144	146	141	105	103	113	113	112	112	112	113	114	117	121	112	109	114	145	130	126	128	131	134	134	135	135	135	135	135	135	135	135	135	135	134	131	97	108	126	129	133	132	133	136	141	141	137	135	129	138	147	129	129	127	127	121	106	133	150	156	158	160	161	161	132	130	129	128	125	123	124	115	113	109	112	113	110
0	0	0	0	0	0	0	0	0	0	0	0	0	0	0	0	0	0	0	0	0	0	0	0	0	0	0	0	0	0	0	0	0	0	0	0	0	0	0	0	0	0	0	0	0	0	0	0	0	0	0	100	102	113	103	107	110	112	111	105	110	111	114	119	132	148	131	125	106	109	116	136	147	146	147	148	115	105	113	113	112	112	112	113	114	118	122	112	105	102	150	139	126	129	132	134	134	135	135	135	135	135	135	135	135	135	135	134	130	88	114	128	128	133	132	132	133	138	145	142	138	128	138	147	129	130	125	122	115	97	131	150	157	159	160	161	161	131	130	129	128	125	122	122	114	118	110	111	111	109
0	0	0	0	0	0	0	0	0	0	0	0	0	0	0	0	0	0	0	0	0	0	0	0	0	0	0	0	0	0	0	0	0	0	0	0	0	0	0	0	0	0	0	0	0	0	0	0	0	0	0	100	102	114	103	107	110	112	109	107	110	111	114	120	136	146	131	125	108	112	114	128	146	147	148	152	125	106	113	113	113	113	113	113	115	118	123	113	101	97	148	148	128	129	132	134	134	135	135	135	135	135	135	135	135	135	135	134	129	80	118	129	128	132	132	132	132	135	147	146	141	128	137	146	129	132	123	116	112	100	132	151	157	160	161	161	162	131	129	129	128	125	122	121	114	119	111	112	110	109
0	0	0	0	0	0	0	0	0	0	0	0	0	0	0	0	0	0	0	0	0	0	0	0	0	0	0	0	0	0	0	0	0	0	0	0	0	0	0	0	0	0	0	0	0	0	0	0	0	0	0	100	101	114	102	106	111	111	108	107	111	112	115	121	138	143	130	122	110	112	114	121	145	149	149	153	132	110	113	113	113	113	113	114	116	119	122	114	100	98	141	156	131	130	132	134	134	135	135	135	135	135	135	135	135	135	135	133	128	75	122	130	128	132	133	132	133	133	146	148	145	129	136	146	129	132	119	112	113	115	138	152	158	161	161	162	162	130	128	129	127	124	121	122	117	115	113	113	109	109
0	0	0	0	0	0	0	0	0	0	0	0	0	0	0	0	0	0	0	0	0	0	0	0	0	0	0	0	0	0	0	0	0	0	0	0	0	0	0	0	0	0	0	0	0	0	0	0	0	0	0	99	106	105	97	107	115	113	108	107	110	113	115	121	140	141	128	118	111	110	108	109	132	150	149	154	148	127	111	113	113	113	113	116	118	119	120	109	104	116	132	158	152	130	131	133	134	135	135	135	135	135	135	135	135	135	135	134	120	88	125	129	129	132	133	131	131	132	140	143	144	129	137	142	131	116	107	106	122	127	145	152	160	161	162	162	157	129	127	127	126	123	120	120	118	117	115	114	114	111
0	0	0	0	0	0	0	0	0	0	0	0	0	0	0	0	0	0	0	0	0	0	0	0	0	0	0	0	0	0	0	0	0	0	0	0	0	0	0	0	0	0	0	0	0	0	0	0	0	0	0	99	108	103	99	107	112	112	107	107	110	113	117	122	140	138	126	116	111	109	107	107	129	149	147	153	150	137	113	112	112	113	113	117	120	119	118	108	107	122	124	149	164	137	132	134	134	134	135	135	135	135	135	135	135	134	135	132	117	95	125	128	130	132	133	131	131	132	135	139	143	141	147	142	117	105	106	115	126	132	146	152	160	161	162	162	154	128	126	125	125	121	119	119	117	117	116	114	115	111
0	0	0	0	0	0	0	0	0	0	0	0	0	0	0	0	0	0	0	0	0	0	0	0	0	0	0	0	0	0	0	0	0	0	0	0	0	0	0	0	0	0	0	0	0	0	0	0	0	0	0	99	110	104	103	108	109	111	108	107	111	113	118	124	140	135	125	115	111	108	107	107	125	146	145	152	146	145	118	109	112	113	114	118	120	119	116	108	109	125	119	136	169	147	133	136	134	134	135	135	135	135	135	135	135	133	135	130	110	100	124	128	130	132	133	132	132	132	133	136	142	151	154	136	104	101	113	123	128	134	146	153	160	162	162	162	151	128	125	123	123	120	118	118	116	116	115	114	114	111
0	0	0	0	0	0	0	0	0	0	0	0	0	0	0	0	0	0	0	0	0	0	0	0	0	0	0	0	0	0	0	0	0	0	0	0	0	0	0	0	0	0	0	0	0	0	0	0	0	0	0	98	112	105	107	108	107	109	112	107	112	114	119	125	140	131	123	115	111	108	107	107	115	141	144	149	143	152	125	107	112	114	115	118	120	119	113	109	112	128	118	125	163	159	134	137	133	135	135	135	135	135	135	135	135	130	135	130	98	107	122	128	131	133	133	132	132	132	132	134	140	153	154	119	98	106	123	127	130	135	145	153	161	163	163	163	148	128	123	121	121	118	117	117	115	116	115	114	113	111
0	0	0	0	0	0	0	0	0	0	0	0	0	0	0	0	0	0	0	0	0	0	0	0	0	0	0	0	0	0	0	0	0	0	0	0	0	0	0	0	0	0	0	0	0	0	0	0	0	0	0	98	113	106	109	108	107	106	113	107	112	114	119	125	138	127	121	113	111	108	107	108	102	132	147	145	143	152	135	104	112	114	115	118	121	119	112	108	114	129	122	124	144	167	139	135	134	135	134	135	135	135	135	135	135	129	135	130	88	115	122	128	131	133	133	132	132	132	132	132	135	146	154	94	104	124	130	128	132	136	145	153	161	163	163	163	142	126	123	121	119	118	117	115	113	113	113	114	112	110
0	0	0	0	0	0	0	0	0	0	0	0	0	0	0	0	0	0	0	0	0	0	0	0	0	0	0	0	0	0	0	0	0	0	0	0	0	0	0	0	0	0	0	0	0	0	0	0	0	0	0	99	112	106	108	108	109	101	109	107	112	116	121	127	137	125	120	113	110	108	107	107	94	118	149	143	142	150	142	109	112	114	115	118	121	119	112	107	114	128	127	127	133	162	149	134	135	135	134	135	135	135	135	135	135	130	134	130	88	120	121	128	131	133	133	132	132	131	132	132	133	135	128	90	117	135	131	131	134	137	147	153	161	163	163	163	138	124	122	119	118	115	114	113	111	111	111	111	111	110
0	0	0	0	0	0	0	0	0	0	0	0	0	0	0	0	0	0	0	0	0	0	0	0	0	0	0	0	0	0	0	0	0	0	0	0	0	0	0	0	0	0	0	0	0	0	0	0	0	0	0	101	109	106	107	110	114	98	106	107	112	117	121	128	135	124	118	112	110	108	107	106	91	104	149	140	141	148	148	118	114	115	116	118	121	119	112	107	115	128	130	128	130	152	159	136	133	135	135	135	135	135	135	135	134	131	133	129	92	121	122	128	131	132	133	132	132	130	132	131	129	123	104	103	125	138	131	133	134	138	148	154	161	163	163	163	134	124	120	117	116	114	112	111	109	109	109	109	109	110
0	0	0	0	0	0	0	0	0	0	0	0	0	0	0	0	0	0	0	0	0	0	0	0	0	0	0	0	0	0	0	0	0	0	0	0	0	0	0	0	0	0	0	0	0	0	0	0	0	0	0	104	105	105	106	113	121	98	106	107	113	118	122	128	133	122	116	111	110	107	107	105	90	93	146	140	141	146	150	130	117	116	117	118	120	117	113	109	116	128	131	129	132	142	165	140	130	135	135	135	135	135	135	135	134	131	133	127	96	118	123	128	131	133	133	132	132	130	132	130	123	114	97	124	127	134	132	133	135	139	149	155	162	163	163	163	129	123	118	116	115	113	110	109	108	107	108	108	109	110
0	0	0	0	0	0	0	0	0	0	0	0	0	0	0	0	0	0	0	0	0	0	0	0	0	0	0	0	0	0	0	0	0	0	0	0	0	0	0	0	0	0	0	0	0	0	0	0	0	0	0	108	102	103	106	119	129	102	106	108	113	120	122	128	129	122	115	110	108	106	107	104	90	88	136	141	142	146	149	142	119	118	117	118	119	116	113	112	118	128	131	130	133	138	160	148	130	136	135	135	135	135	135	135	134	133	134	122	99	119	125	129	130	133	133	132	132	130	131	126	114	118	127	135	129	133	132	134	134	139	151	155	161	163	163	164	125	124	116	114	113	111	109	108	107	106	107	107	108	113
0	0	0	0	0	0	0	0	0	0	0	0	0	0	0	0	0	0	0	0	0	0	0	0	0	0	0	0	0	0	0	0	0	0	0	0	0	0	0	0	0	0	0	0	0	0	0	0	0	0	0	110	99	104	105	123	131	103	105	108	114	120	123	128	128	120	114	109	108	106	106	103	88	90	125	142	141	147	147	149	120	120	117	118	118	114	112	115	120	128	131	131	132	135	149	157	138	135	135	135	135	135	135	134	134	133	134	118	108	124	127	128	130	133	132	132	132	129	128	124	119	127	131	131	131	132	132	133	135	140	152	155	161	163	163	164	124	123	113	111	110	108	107	107	103	104	106	106	107	113
0	0	0	0	0	0	0	0	0	0	0	0	0	0	0	0	0	0	0	0	0	0	0	0	0	0	0	0	0	0	0	0	0	0	0	0	0	0	0	0	0	0	0	0	0	0	0	0	0	0	0	108	99	102	112	133	128	103	105	109	114	120	122	128	126	113	110	108	107	105	103	101	88	93	113	137	146	148	144	147	130	122	118	118	115	112	113	119	124	129	132	133	133	134	140	158	153	130	136	137	135	135	135	134	134	133	137	98	116	129	129	128	130	132	131	133	132	128	123	117	125	132	132	129	131	131	131	133	136	144	152	156	162	163	166	164	122	116	107	106	102	103	105	106	97	102	112	105	106	117
0	0	0	0	0	0	0	0	0	0	0	0	0	0	0	0	0	0	0	0	0	0	0	0	0	0	0	0	0	0	0	0	0	0	0	0	0	0	0	0	0	0	0	0	0	0	0	0	0	0	0	106	100	102	121	144	123	103	106	110	115	120	121	126	124	106	107	107	107	104	100	98	89	97	105	129	151	148	141	142	141	125	119	119	113	110	114	124	128	131	133	134	134	134	134	152	165	130	137	138	137	135	135	135	134	132	137	81	122	133	129	129	132	131	129	133	134	122	116	114	131	133	132	130	130	130	131	133	136	148	152	158	163	163	169	163	119	109	100	98	94	98	103	105	94	100	110	103	104	116
0	0	0	0	0	0	0	0	0	0	0	0	0	0	0	0	0	0	0	0	0	0	0	0	0	0	0	0	0	0	0	0	0	0	0	0	0	0	0	0	0	0	0	0	0	0	0	0	0	0	0	105	100	103	124	151	120	104	106	110	115	121	121	125	123	106	107	107	107	103	97	95	93	97	103	124	147	150	141	140	143	127	120	119	113	109	114	125	131	132	133	134	134	134	134	147	159	143	137	137	137	137	135	135	134	129	124	90	124	135	129	131	133	130	129	127	139	105	111	124	137	133	133	129	129	129	131	133	137	148	152	159	163	164	168	164	113	109	95	85	93	95	100	103	100	99	80	98	100	102
0	0	0	0	0	0	0	0	0	0	0	0	0	0	0	0	0	0	0	0	0	0	0	0	0	0	0	0	0	0	0	0	0	0	0	0	0	0	0	0	0	0	0	0	0	0	0	0	0	0	0	102	100	110	133	158	114	106	107	110	116	122	122	124	121	107	107	107	107	102	95	93	93	98	103	117	145	151	142	139	144	131	124	119	113	110	116	127	132	132	134	134	134	134	135	141	149	156	135	137	137	137	135	134	134	129	108	105	125	134	129	133	133	130	129	126	113	101	122	132	134	133	133	130	129	129	131	132	138	149	153	159	163	165	167	163	102	106	94	86	112	122	127	132	121	114	89	90	97	104
0	0	0	0	0	0	0	0	0	0	0	0	0	0	0	0	0	0	0	0	0	0	0	0	0	0	0	0	0	0	0	0	0	0	0	0	0	0	0	0	0	0	0	0	0	0	0	0	0	0	0	100	100	116	143	160	110	108	108	110	117	122	122	123	119	107	106	107	107	101	93	92	94	99	104	112	141	151	143	137	145	137	128	120	113	110	117	127	132	132	134	134	134	134	134	139	139	161	142	137	137	137	135	134	134	130	93	115	126	134	129	134	131	130	130	121	94	110	131	135	132	133	132	130	129	129	132	132	139	149	153	159	163	166	167	162	92	99	86	80	119	131	135	140	135	129	112	93	96	97
0	0	0	0	0	0	0	0	0	0	0	0	0	0	0	0	0	0	0	0	0	0	0	0	0	0	0	0	0	0	0	0	0	0	0	0	0	0	0	0	0	0	0	0	0	0	0	0	0	0	0	99	101	120	153	160	106	109	109	111	118	123	123	123	115	107	106	107	107	100	90	90	96	100	105	108	137	151	145	139	145	144	134	122	113	111	118	127	132	132	134	134	134	134	134	137	133	160	152	137	137	136	135	134	134	131	80	119	126	133	129	134	128	130	127	108	93	122	135	136	132	133	132	130	129	129	132	132	139	149	154	159	164	166	168	159	86	87	76	71	118	130	135	139	141	137	131	107	101	89
0	0	0	0	0	0	0	0	0	0	0	0	0	0	0	0	0	0	0	0	0	0	0	0	0	0	0	0	0	0	0	0	0	0	0	0	0	0	0	0	0	0	0	0	0	0	0	0	0	0	0	98	101	123	160	159	102	109	110	112	120	123	124	122	112	107	106	107	107	100	85	87	97	101	106	105	131	150	147	144	145	150	141	125	113	112	120	128	133	133	134	134	134	134	135	136	132	155	162	139	137	134	135	134	134	131	72	119	127	133	126	133	126	128	115	89	117	131	132	135	134	133	133	130	129	130	131	132	140	150	155	159	163	166	169	154	82	74	69	62	112	129	135	138	140	138	134	131	114	87
0	0	0	0	0	0	0	0	0	0	0	0	0	0	0	0	0	0	0	0	0	0	0	0	0	0	0	0	0	0	0	0	0	0	0	0	0	0	0	0	0	0	0	0	0	0	0	0	0	0	0	98	102	122	163	158	102	109	110	112	119	122	124	121	111	107	106	107	107	94	82	86	98	101	106	104	121	147	147	147	147	153	146	127	113	112	121	128	133	133	134	134	134	134	134	135	134	146	163	144	138	134	134	134	134	131	77	121	128	133	118	131	124	116	93	84	137	131	132	134	133	133	133	130	129	130	131	132	140	151	155	160	164	166	169	150	77	70	65	62	110	126	131	135	137	135	134	134	132	110
0	0	0	0	0	0	0	0	0	0	0	0	0	0	0	0	0	0	0	0	0	0	0	0	0	0	0	0	0	0	0	0	0	0	0	0	0	0	0	0	0	0	0	0	0	0	0	0	0	0	0	98	103	121	163	157	102	107	111	112	120	122	124	119	110	107	106	107	107	91	79	85	99	103	106	104	110	142	144	148	149	155	150	127	113	113	123	130	133	133	134	134	134	134	134	135	138	140	153	153	141	132	133	134	134	132	89	124	129	132	113	129	116	100	85	100	137	131	133	132	132	133	132	129	129	129	132	132	141	152	155	161	164	166	168	148	73	73	67	59	100	123	129	132	134	134	133	134	138	126
0	0	0	0	0	0	0	0	0	0	0	0	0	0	0	0	0	0	0	0	0	0	0	0	0	0	0	0	0	0	0	0	0	0	0	0	0	0	0	0	0	0	0	0	0	0	0	0	0	0	0	97	104	119	164	154	102	105	111	112	120	122	124	118	109	107	107	107	107	90	78	85	100	103	106	104	100	138	140	148	152	156	150	126	112	113	124	131	133	133	134	134	134	134	135	135	139	136	140	162	145	132	133	134	134	133	101	127	130	132	113	126	106	89	91	120	133	131	133	132	132	133	132	129	129	129	131	131	142	152	156	161	164	166	169	146	69	77	69	56	88	118	124	127	130	133	132	138	135	135
0	0	0	0	0	0	0	0	0	0	0	0	0	0	0	0	0	0	0	0	0	0	0	0	0	0	0	0	0	0	0	0	0	0	0	0	0	0	0	0	0	0	0	0	0	0	0	0	0	0	0	97	104	120	164	150	102	104	112	113	120	122	124	117	108	107	106	107	105	89	78	86	101	104	106	104	94	130	137	150	154	156	149	127	111	114	125	131	133	134	134	134	134	134	135	136	139	134	128	163	151	132	133	135	134	129	110	128	131	133	117	121	98	90	109	135	131	130	133	132	132	132	132	129	129	128	129	128	144	152	156	162	164	166	170	143	66	75	69	50	76	107	114	119	124	130	132	143	131	136
0	0	0	0	0	0	0	0	0	0	0	0	0	0	0	0	0	0	0	0	0	0	0	0	0	0	0	0	0	0	0	0	0	0	0	0	0	0	0	0	0	0	0	0	0	0	0	0	0	0	0	97	100	129	161	149	103	107	113	120	122	123	122	112	107	107	106	104	95	85	78	89	102	105	106	104	97	113	137	157	156	156	145	128	111	120	128	132	133	133	134	134	135	135	135	135	136	137	125	138	166	139	132	135	134	115	121	130	132	133	130	102	97	125	127	130	132	130	133	131	132	132	132	130	132	126	122	108	144	153	157	163	165	167	173	137	68	59	62	39	50	88	94	101	114	125	131	139	140	141
0	0	0	0	0	0	0	0	0	0	0	0	0	0	0	0	0	0	0	0	0	0	0	0	0	0	0	0	0	0	0	0	0	0	0	0	0	0	0	0	0	0	0	0	0	0	0	0	0	0	0	96	105	130	158	150	103	109	114	119	122	123	122	112	107	107	106	103	94	85	78	89	102	106	106	104	98	110	137	156	156	156	144	128	116	124	130	132	133	133	134	134	135	135	135	135	135	136	126	135	159	153	128	136	134	110	126	131	133	134	132	92	104	130	128	130	134	129	132	131	131	131	132	129	131	127	120	113	144	153	158	163	165	167	165	132	66	51	37	31	57	105	101	98	104	121	128	130	134	138
0	0	0	0	0	0	0	0	0	0	0	0	0	0	0	0	0	0	0	0	0	0	0	0	0	0	0	0	0	0	0	0	0	0	0	0	0	0	0	0	0	0	0	0	0	0	0	0	0	0	0	96	111	133	154	148	103	110	116	120	122	123	121	111	107	107	106	102	93	84	78	90	102	106	106	104	99	109	133	153	154	156	143	127	124	129	131	132	133	133	134	134	135	135	135	135	135	135	127	135	151	158	133	135	133	107	130	132	133	134	134	87	112	130	128	130	134	130	131	130	131	131	131	127	125	127	120	123	144	154	159	164	165	166	159	125	54	37	33	59	110	143	134	125	124	118	120	121	127	135
0	0	0	0	0	0	0	0	0	0	0	0	0	0	0	0	0	0	0	0	0	0	0	0	0	0	0	0	0	0	0	0	0	0	0	0	0	0	0	0	0	0	0	0	0	0	0	0	0	0	0	95	116	138	149	141	102	111	117	121	124	124	120	110	107	107	107	102	93	82	78	91	103	106	106	104	100	107	128	151	153	155	142	125	134	134	131	132	133	133	134	134	135	135	135	135	135	134	127	135	143	154	145	133	133	104	134	133	134	134	135	86	119	129	128	130	131	131	130	130	131	131	131	124	118	127	122	132	145	154	159	165	164	165	156	117	41	31	65	117	173	177	168	160	158	128	115	117	120	131
0	0	0	0	0	0	0	0	0	0	0	0	0	0	0	0	0	0	0	0	0	0	0	0	0	0	0	0	0	0	0	0	0	0	0	0	0	0	0	0	0	0	0	0	0	0	0	0	0	0	0	94	118	144	141	130	103	110	118	122	126	124	119	110	107	107	106	103	91	80	77	91	103	106	105	104	101	106	125	148	152	151	143	125	146	140	132	132	133	133	134	134	135	135	135	135	135	134	128	133	137	143	161	132	134	101	135	135	134	134	135	93	124	128	129	129	129	132	128	131	133	130	129	121	117	130	127	140	147	154	159	165	165	166	158	109	43	64	148	185	177	168	165	164	169	166	132	126	112	120
0	0	0	0	0	0	0	0	0	0	0	0	0	0	0	0	0	0	0	0	0	0	0	0	0	0	0	0	0	0	0	0	0	0	0	0	0	0	0	0	0	0	0	0	0	0	0	0	0	0	0	94	115	148	132	120	103	111	118	124	128	124	116	110	107	107	105	101	90	79	77	92	103	106	106	105	103	106	120	138	153	148	139	123	154	144	133	133	133	133	134	134	135	135	135	135	135	134	129	132	134	141	160	145	126	104	136	137	134	134	134	107	122	125	129	128	128	128	126	130	135	128	124	121	126	134	132	145	148	154	159	165	166	166	157	126	104	142	175	160	126	122	122	122	127	152	166	151	131	111
0	0	0	0	0	0	0	0	0	0	0	0	0	0	0	0	0	0	0	0	0	0	0	0	0	0	0	0	0	0	0	0	0	0	0	0	0	0	0	0	0	0	0	0	0	0	0	0	0	0	0	96	116	145	121	114	104	112	119	127	132	124	115	110	107	107	105	99	89	80	78	93	103	106	106	106	105	108	118	129	151	148	135	126	158	150	137	133	133	133	134	134	135	134	135	135	135	133	130	132	132	138	154	159	116	110	136	138	134	134	133	121	122	124	129	122	128	119	124	128	133	124	117	120	132	136	135	147	149	154	159	165	166	166	159	159	153	172	152	115	80	82	82	85	77	120	151	151	151	116
0	0	0	0	0	0	0	0	0	0	0	0	0	0	0	0	0	0	0	0	0	0	0	0	0	0	0	0	0	0	0	0	0	0	0	0	0	0	0	0	0	0	0	0	0	0	0	0	0	0	0	100	121	139	111	112	105	113	120	129	135	123	114	109	107	107	105	98	88	81	81	96	103	106	106	106	107	110	117	122	150	149	131	132	159	156	142	133	133	133	134	135	135	134	135	135	135	133	130	132	133	134	149	168	110	118	134	138	134	134	133	131	122	124	129	115	125	110	120	125	127	121	113	121	134	138	137	147	149	154	159	165	166	166	163	185	169	152	103	71	62	62	64	69	52	83	105	126	152	129
0	0	0	0	0	0	0	0	0	0	0	0	0	0	0	0	0	0	0	0	0	0	0	0	0	0	0	0	0	0	0	0	0	0	0	0	0	0	0	0	0	0	0	0	0	0	0	0	0	0	0	104	128	131	104	112	106	113	121	131	138	123	112	108	107	106	104	97	88	83	86	99	103	106	106	107	108	113	116	121	147	150	126	139	159	160	147	133	133	133	134	135	135	134	135	134	134	133	131	132	134	131	145	164	114	126	132	137	134	134	133	134	123	127	126	110	118	107	119	117	115	120	120	123	133	138	141	145	149	155	161	165	166	165	166	184	137	91	52	47	85	73	79	85	75	55	51	82	118	144
0	0	0	0	0	0	0	0	0	0	0	0	0	0	0	0	0	0	0	0	0	0	0	0	0	0	0	0	0	0	0	0	0	0	0	0	0	0	0	0	0	0	0	0	0	0	0	0	0	0	0	107	137	125	102	111	107	114	120	133	139	122	112	109	106	106	103	96	88	86	90	103	103	105	106	107	110	114	114	125	144	148	124	147	157	161	150	135	134	132	134	135	134	133	134	134	134	132	131	132	135	132	138	149	126	133	129	137	133	133	134	135	123	129	125	109	108	111	119	110	104	122	132	132	134	139	143	143	150	155	161	165	166	165	164	143	81	57	65	77	93	79	82	85	78	66	69	73	69	144
0	0	0	0	0	0	0	0	0	0	0	0	0	0	0	0	0	0	0	0	0	0	0	0	0	0	0	0	0	0	0	0	0	0	0	0	0	0	0	0	0	0	0	0	0	0	0	0	0	0	0	108	145	117	102	109	109	115	121	137	139	117	111	109	108	106	102	93	89	90	93	102	102	105	106	108	111	114	113	132	134	154	128	158	161	159	152	141	134	132	133	134	134	133	133	133	133	132	131	132	132	131	136	133	140	143	136	138	132	134	134	134	121	122	123	111	111	114	119	86	109	131	136	136	137	139	145	145	151	156	161	165	165	160	128	102	70	66	76	87	93	82	83	83	79	72	75	73	64	114
0	0	0	0	0	0	0	0	0	0	0	0	0	0	0	0	0	0	0	0	0	0	0	0	0	0	0	0	0	0	0	0	0	0	0	0	0	0	0	0	0	0	0	0	0	0	0	0	0	0	0	111	150	110	101	108	111	116	121	140	137	113	111	109	108	106	102	91	92	95	96	101	102	105	106	109	112	112	114	140	125	149	134	158	167	157	152	147	136	132	133	134	134	132	133	133	133	132	131	132	130	130	136	120	143	150	146	141	133	134	134	134	118	110	120	114	116	116	115	76	119	137	137	137	139	140	146	148	153	156	161	164	165	158	102	81	75	80	82	89	91	84	83	81	80	76	76	75	69	96
0	0	0	0	0	0	0	0	0	0	0	0	0	0	0	0	0	0	0	0	0	0	0	0	0	0	0	0	0	0	0	0	0	0	0	0	0	0	0	0	0	0	0	0	0	0	0	0	0	0	0	114	151	105	101	107	112	116	121	139	134	113	111	109	107	106	101	91	93	98	99	101	104	105	106	109	113	111	117	148	122	123	141	147	171	157	151	151	139	133	133	133	133	132	132	132	132	132	131	132	130	129	136	112	133	150	154	144	136	135	134	135	116	95	115	115	116	117	104	92	128	137	137	138	140	141	146	149	154	157	161	164	165	160	102	84	78	83	85	88	88	83	83	80	79	77	76	75	69	106
0	0	0	0	0	0	0	0	0	0	0	0	0	0	0	0	0	0	0	0	0	0	0	0	0	0	0	0	0	0	0	0	0	0	0	0	0	0	0	0	0	0	0	0	0	0	0	0	0	0	0	117	149	100	101	108	112	117	121	136	129	112	110	109	107	105	100	92	93	101	100	101	104	104	106	110	113	117	120	155	122	94	153	158	154	157	153	154	143	134	132	134	133	131	132	132	132	131	132	131	130	128	130	108	128	148	159	148	138	135	134	134	116	82	111	117	115	114	89	122	132	136	137	138	140	142	146	150	155	158	162	164	166	165	117	81	81	81	84	86	84	83	83	82	77	78	76	73	70	116
0	0	0	0	0	0	0	0	0	0	0	0	0	0	0	0	0	0	0	0	0	0	0	0	0	0	0	0	0	0	0	0	0	0	0	0	0	0	0	0	0	0	0	0	0	0	0	0	0	0	0	124	143	97	101	107	112	117	122	134	123	111	109	108	106	105	100	92	94	101	100	101	103	104	106	110	114	115	122	133	94	54	136	155	152	151	155	157	146	137	133	133	132	130	131	131	131	131	131	131	129	127	129	101	127	147	157	153	140	134	132	130	118	77	113	108	114	105	93	136	134	136	138	140	140	142	147	150	155	158	163	164	166	168	143	73	81	79	83	85	83	82	83	82	76	78	76	72	71	122
0	0	0	0	0	0	0	0	0	0	0	0	0	0	0	0	0	0	0	0	0	0	0	0	0	0	0	0	0	0	0	0	0	0	0	0	0	0	0	0	0	0	0	0	0	0	0	0	0	0	0	130	133	97	101	107	113	117	121	130	119	110	108	107	105	104	99	91	94	102	100	101	102	104	106	110	114	111	133	94	68	44	145	141	154	146	154	159	148	139	134	133	132	130	131	131	131	131	131	130	128	128	135	90	128	144	152	155	147	134	131	126	114	76	115	99	109	100	107	139	136	136	138	141	142	144	147	151	155	159	163	165	166	168	164	79	81	77	82	85	82	82	83	82	76	78	77	73	74	125
0	0	0	0	0	0	0	0	0	0	0	0	0	0	0	0	0	0	0	0	0	0	0	0	0	0	0	0	0	0	0	0	0	0	0	0	0	0	0	0	0	0	0	0	0	0	0	0	0	0	0	137	122	99	101	107	113	117	121	126	116	108	107	106	104	103	97	90	95	102	100	100	102	104	106	110	114	107	149	55	76	90	184	136	152	143	151	159	150	141	135	134	132	129	131	131	131	131	131	129	128	128	140	81	130	141	148	154	157	136	129	122	104	77	118	97	99	101	123	134	137	136	138	142	143	145	148	152	155	159	163	166	165	165	173	102	83	78	83	86	82	82	84	81	77	78	78	75	78	128
0	0	0	0	0	0	0	0	0	0	0	0	0	0	0	0	0	0	0	0	0	0	0	0	0	0	0	0	0	0	0	0	0	0	0	0	0	0	0	0	0	0	0	0	0	0	0	0	0	0	0	143	113	101	101	107	113	117	121	122	113	108	106	105	104	102	96	89	95	102	101	101	102	104	106	110	113	112	150	45	168	234	236	180	134	150	149	156	152	144	139	135	132	129	130	131	131	131	131	129	128	129	132	87	132	138	145	150	163	137	124	119	91	74	121	112	81	111	128	134	137	136	138	143	145	146	148	153	155	159	163	166	165	164	163	137	86	78	83	87	84	83	84	82	78	78	78	77	86	131
0	0	0	0	0	0	0	0	0	0	0	0	0	0	0	0	0	0	0	0	0	0	0	0	0	0	0	0	0	0	0	0	0	0	0	0	0	0	0	0	0	0	0	0	0	0	0	0	0	0	0	147	106	103	101	108	113	116	119	118	111	107	105	105	104	101	95	90	96	102	102	102	103	104	107	110	112	113	114	129	223	246	228	227	149	147	149	153	150	146	142	138	133	129	130	131	131	131	131	130	129	129	115	111	134	135	142	142	151	129	114	109	93	71	121	121	83	121	128	138	137	137	137	143	146	147	149	153	156	159	163	165	165	164	157	157	101	77	83	88	87	84	84	81	78	77	80	79	93	132
0	0	0	0	0	0	0	0	0	0	0	0	0	0	0	0	0	0	0	0	0	0	0	0	0	0	0	0	0	0	0	0	0	0	0	0	0	0	0	0	0	0	0	0	0	0	0	0	0	0	0	149	101	103	102	109	113	116	117	115	110	106	105	104	103	101	95	91	97	102	103	103	104	104	107	110	111	112	86	200	242	247	228	229	179	130	150	151	150	147	144	141	133	128	130	131	131	131	131	131	130	129	107	130	135	134	139	136	132	119	108	97	102	68	122	115	99	125	130	136	138	138	137	144	147	147	149	153	156	160	163	165	165	164	157	164	121	76	83	88	90	85	83	81	78	76	80	81	99	132
0	0	0	0	0	0	0	0	0	0	0	0	0	0	0	0	0	0	0	0	0	0	0	0	0	0	0	0	0	0	0	0	0	0	0	0	0	0	0	0	0	0	0	0	0	0	0	0	0	0	0	145	99	102	102	109	114	116	116	112	109	106	105	104	102	100	96	93	98	102	104	105	105	105	107	111	110	107	93	242	242	248	236	206	192	119	150	151	153	145	145	146	135	129	129	130	132	131	131	130	131	127	104	141	135	134	137	132	108	113	109	85	113	71	117	105	118	127	132	133	139	140	139	145	148	147	149	153	157	160	163	165	165	163	160	164	143	80	82	88	90	85	82	81	79	76	80	82	104	132
0	0	0	0	0	0	0	0	0	0	0	0	0	0	0	0	0	0	0	0	0	0	0	0	0	0	0	0	0	0	0	0	0	0	0	0	0	0	0	0	0	0	0	0	0	0	0	0	0	0	0	129	100	100	103	109	114	115	113	111	108	106	104	102	101	99	98	96	100	102	105	105	105	105	110	112	109	98	161	246	247	247	243	185	147	132	146	149	156	139	145	153	140	130	128	129	132	132	132	129	128	124	104	142	137	134	134	131	82	119	123	79	121	85	97	104	128	127	132	135	141	144	141	145	147	147	148	153	158	161	163	164	165	163	162	163	162	93	79	87	89	85	82	83	80	77	79	79	111	133
0	0	0	0	0	0	0	0	0	0	0	0	0	0	0	0	0	0	0	0	0	0	0	0	0	0	0	0	0	0	0	0	0	0	0	0	0	0	0	0	0	0	0	0	0	0	0	0	0	0	0	122	96	99	103	110	113	115	113	110	107	105	104	102	100	98	97	97	100	103	105	105	105	104	113	112	114	83	226	247	248	248	246	228	81	176	126	153	154	148	148	155	139	129	126	129	132	132	132	131	128	121	105	138	137	134	133	132	78	105	122	79	125	94	78	119	128	125	135	130	140	143	142	151	147	149	148	153	158	162	163	164	165	163	162	162	162	122	61	90	85	85	83	84	81	79	80	83	117	133
0	0	0	0	0	0	0	0	0	0	0	0	0	0	0	0	0	0	0	0	0	0	0	0	0	0	0	0	0	0	0	0	0	0	0	0	0	0	0	0	0	0	0	0	0	0	0	0	0	0	0	113	95	97	103	110	113	114	113	109	107	105	102	101	99	98	97	98	100	104	105	104	104	106	110	115	94	124	246	247	248	248	250	246	103	151	99	156	155	151	149	156	138	128	126	130	132	132	132	132	129	115	107	134	136	133	133	132	75	93	106	83	125	99	90	131	128	126	131	129	138	142	142	153	147	150	148	154	157	162	163	164	164	163	162	162	160	146	73	88	85	84	82	84	80	82	83	89	121	133
0	0	0	0	0	0	0	0	0	0	0	0	0	0	0	0	0	0	0	0	0	0	0	0	0	0	0	0	0	0	0	0	0	0	0	0	0	0	0	0	0	0	0	0	0	0	0	0	0	0	0	105	94	96	104	111	114	114	112	108	107	104	101	101	99	98	97	99	101	104	105	104	105	109	107	120	69	185	249	247	248	248	251	250	168	93	102	150	155	152	149	155	141	127	129	131	132	132	132	132	128	110	110	131	134	133	133	131	76	85	88	98	125	99	109	136	128	127	128	129	139	142	142	152	143	150	149	154	158	163	163	164	164	164	163	162	157	158	103	86	86	84	81	84	80	83	90	97	126	133
0	0	0	0	0	0	0	0	0	0	0	0	0	0	0	0	0	0	0	0	0	0	0	0	0	0	0	0	0	0	0	0	0	0	0	0	0	0	0	0	0	0	0	0	0	0	0	0	0	0	0	99	94	97	105	112	114	113	111	107	106	104	102	101	98	97	98	99	102	104	105	104	105	1