0.5
0.9
0.96491
0.98817
0.99495
0.90278
0.91538
0.76471
0.875
0.93548
0.70629
1
0.71186
0.808
0.98291
0.79755
0.77027
0.94697
0.98246
0.91304
0.94928
0.67702
0.7047
0.98438
0.93478
0.81301
0.73944
0.7907
0.97692
0.91964
1
0.93182
0.99254
0.98529
0.99153
0.97368
0.98462
1
0.91573
0.73438
0.97619
0.82222
0.87234
0.92248
0.96212
0.99107
0.98347
0.97619
0.99281
0.8961
0.97479
1
0.99123
0.98387
0.98095
0.98246
0.9845
0.9661
0.97727
1
0.99167
0.97414
1
0.98246
0.94595
0.98214
0.98131
0.99359
0.97479
0.97414
0.98214
0.98347
0.99248
0.97436
0.98095
0.91489
0.91667
0.97403
0.90152
0.96774
0.69403
0.90476
0.87302
0.98413
0.99225
0.97656
0.92969
0.87195
0.94167
0.98817
0.98039
0.99219
0.96078
0.91339
0.872
0.80952
0.91379
0.94915
0.96522
0.90667
0.99115
0.98592
0.98485
0.90845
0.98958
0.98148
0.96078
0.93333
