0
0
0
0.68519
0.4386
0.4386
0.67677
0.54872
1
0.85417
0.65746
0.85
0.70157
0.7907
0.584
0.90411
0.78947
0.68468
0.97842
0.67273
0.73404
0.8062
0.83962
1
0.94915
0.68493
0.8069
0.77612
0.72193
0.74699
1
0.71429
1
0.70192
0.63125
0.57792
0.65649
0.72519
0.99324
0.57143
0.68254
0.68067
0.75
0.54245
0.42236
0.77397
0.36471
0.8141
0.75524
0.80556
0.79439
0.93617
0.75
0.75714
0.67424
0.71538
0.58784
0.76378
1
0.77869
0.79121
0.59756
0.5503
0.44667
0.72973
0.7861
0.84892
0.91538
0.71277
0.70492
0.57576
0.69388
0.90226
0.67539
0.90625
0.64571
1
0.71069
0.7156
1
0.81928
0.9058
0.696
0.61538
0.8
0.66667
0.81884
0.60811
0.64964
0.81166
0.75676
0.6358
0.61688
0.70946
0.71875
0.62667
0.77692
0.62205
0.46575
0.72441
1
1
0.98969
1
1
